100
7
1 1 1 3 3 3 2
5
1 3 1 1 1
4
5 5 5 5
843
3 5 3 1 5 5 2 1 5 2 5 3 1 2 2 2 4 3 3 2 3 2 1 4 5 1 2 4 5 4 1 4 3 3 1 2 4 2 2 1 1 3 5 3 1 1 4 4 5 1 5 4 4 5 3 5 1 4 4 2 2 4 2 1 4 2 4 4 5 3 1 5 5 5 2 3 3 2 1 2 4 3 3 2 4 5 2 1 5 2 2 4 2 5 4 5 3 3 1 3 5 1 4 1 3 3 5 5 4 1 3 3 5 5 1 3 1 4 4 1 5 2 1 2 4 1 3 1 3 5 3 4 1 2 2 3 1 3 4 4 5 1 3 4 1 4 2 1 4 2 3 4 3 3 2 1 4 4 4 3 4 1 4 1 4 2 5 4 4 3 5 4 3 2 4 5 2 5 3 1 3 5 1 3 5 2 5 5 2 3 4 2 4 2 4 4 5 3 5 1 2 1 1 2 4 4 1 1 1 3 3 3 5 3 5 4 1 5 3 4 2 1 1 2 5 4 3 1 4 2 1 5 4 1 3 2 5 4 4 2 3 1 4 2 5 4 2 2 5 4 1 1 2 1 5 3 1 2 3 4 5 1 1 3 3 3 4 2 3 3 5 3 5 4 4 5 4 1 1 3 1 3 5 4 3 4 1 1 2 1 4 1 1 1 5 3 1 4 2 5 3 1 2 4 1 1 5 4 3 3 1 3 5 1 4 5 1 4 5 3 1 5 3 3 1 3 1 3 3 4 2 2 1 1 5 2 3 2 5 5 4 3 4 3 3 4 2 3 3 1 5 5 1 5 3 3 4 5 2 1 3 5 4 5 5 5 1 2 1 3 3 4 5 4 2 2 2 5 1 1 1 3 1 3 2 5 2 5 4 3 2 1 2 2 5 4 1 3 2 2 5 2 5 4 2 3 2 5 3 2 1 5 1 3 2 2 4 3 3 2 2 1 4 3 2 5 3 3 2 5 1 3 1 5 1 2 3 4 1 2 1 3 1 3 2 2 5 5 1 4 1 2 2 1 1 3 1 4 2 2 5 2 5 5 4 2 3 3 1 3 4 3 3 4 5 1 2 1 1 2 5 3 5 3 4 5 5 4 5 4 2 4 2 1 5 5 5 2 2 5 2 5 4 1 5 5 1 1 1 1 2 2 1 3 4 4 5 5 4 4 5 5 5 2 3 1 3 2 3 5 3 1 1 1 1 3 5 3 3 2 4 2 3 1 4 3 4 3 5 2 4 4 1 5 5 3 5 3 1 2 4 3 4 1 5 1 3 2 4 3 3 4 4 3 4 4 2 2 2 1 5 2 5 2 1 1 5 5 5 2 4 3 5 2 1 4 5 3 5 3 2 5 1 5 4 4 4 5 2 2 1 1 5 2 2 5 2 3 1 2 5 4 1 1 3 1 4 4 1 1 1 2 2 3 4 5 1 4 1 4 2 1 4 1 2 2 5 1 2 2 4 1 3 4 1 2 2 1 5 2 3 5 5 1 2 5 5 4 3 1 2 4 3 2 1 2 5 2 4 1 4 2 3 1 5 5 2 1 1 1 4 5 2 1 1 5 5 2 3 5 4 1 5 2 2 1 5 1 4 3 4 2 4 1 4 5 1 2 3 3 4 1 4 5 3 4 4 5 3 3 1 1 3 5 4 1 2 3 2 1 2 2 4 5 2 3 2 4 1 4 3 5 1 2 1 4 2 2 3 4 4 3 2 4 4 5 4 1 5 2 3 3 3 3 5 2 5 1 5 3 4 3 2 4 1 4 2 2 5 1 3 1 5 4 4 4 5 4 1 1 1 5 4 5 2 3 1 4 3 1 1 1 5 4 1 5 2 3 3 2 5 5 4 5 5 4 5 5 2 5 2 4 1 5 4 2 4 4 5 1 1 2 3 
112
5 4 3 2 3 1 5 4 5 5 3 5 3 4 1 1 5 2 5 5 2 5 4 2 5 3 3 3 2 2 4 1 2 2 4 1 2 5 5 3 1 4 4 3 3 4 1 4 3 5 4 1 1 2 2 5 1 4 4 2 3 3 5 1 1 5 2 4 2 3 1 2 1 2 5 5 5 2 4 2 1 4 2 3 5 4 4 2 4 3 1 3 5 5 4 2 1 2 5 2 4 2 4 1 3 5 3 5 1 3 3 3 
441
2 2 2 5 5 5 5 2 5 5 3 1 3 4 2 4 5 3 4 2 3 4 1 4 1 5 1 5 3 5 5 1 1 3 2 1 3 1 2 4 2 5 5 4 5 1 4 5 5 4 3 5 3 3 3 5 5 4 5 4 5 1 4 1 1 5 1 5 2 4 3 4 3 2 4 5 4 5 4 4 3 1 3 2 5 2 4 1 2 5 4 2 2 2 2 2 3 4 3 5 2 1 5 5 4 3 4 3 4 4 3 2 1 5 5 2 3 3 3 5 2 1 3 4 5 4 2 4 2 5 3 3 2 4 4 5 4 4 2 2 4 1 5 4 5 5 3 5 2 5 1 1 5 3 1 1 3 2 5 4 1 4 3 4 3 4 4 1 4 2 2 5 3 2 5 4 3 2 3 4 1 3 1 3 2 1 3 4 3 2 4 5 3 2 4 5 2 4 5 2 5 3 1 2 1 1 3 3 2 2 4 3 5 4 2 1 5 4 2 4 3 5 5 5 3 5 4 4 3 5 1 5 4 3 3 5 3 5 2 2 2 2 4 3 1 5 5 2 5 1 2 2 1 3 3 3 3 3 4 2 2 1 1 3 3 4 2 1 3 5 4 1 2 4 3 4 5 3 2 4 5 5 3 5 2 5 5 4 5 3 1 3 3 3 5 5 1 1 2 1 1 5 1 4 3 1 4 2 5 5 3 4 1 5 4 2 1 3 3 5 5 5 3 4 2 2 3 3 5 2 5 2 1 5 5 1 2 3 4 1 4 1 5 4 5 5 2 3 4 4 2 3 3 1 3 2 3 5 4 2 3 5 3 1 1 4 1 3 3 4 3 3 5 4 3 1 3 4 3 1 3 2 5 2 2 2 3 4 4 3 2 1 2 1 3 5 1 3 2 5 4 4 2 5 5 4 5 2 5 5 3 4 1 2 5 4 1 5 5 4 4 1 1 3 4 4 2 4 3 3 1 1 3 2 2 2 3 4 4 2 3 
18
5 5 1 1 3 3 2 2 3 1 5 4 3 3 4 4 3 3 
653
5 1 5 2 2 4 1 5 4 4 4 1 3 5 3 5 3 1 2 1 3 2 5 3 1 4 3 4 4 1 1 3 1 2 1 2 2 1 4 5 4 4 2 3 4 2 3 1 2 1 1 1 4 3 4 4 3 1 2 1 1 4 1 3 2 1 2 4 4 5 5 4 3 4 2 1 5 1 3 1 3 1 1 1 5 1 4 2 2 5 5 4 5 5 2 3 2 5 3 5 4 3 4 3 1 2 1 5 2 5 2 4 5 2 4 1 5 4 3 1 3 4 1 4 3 4 1 1 3 4 1 3 3 1 3 5 2 3 4 5 2 5 5 4 3 3 4 2 1 3 4 5 1 2 5 5 2 2 1 5 2 3 4 4 3 1 3 1 3 3 5 2 4 4 2 4 3 2 2 5 5 3 1 2 4 2 4 5 3 1 1 5 5 5 5 2 5 5 4 5 2 3 1 3 3 2 1 2 5 2 1 4 1 3 3 4 4 3 1 3 5 3 2 4 2 4 5 4 3 3 3 1 2 5 3 1 3 5 2 2 4 4 3 4 1 5 3 1 4 5 3 3 2 2 1 1 5 2 4 2 1 1 2 4 5 2 4 2 1 5 3 4 5 2 3 2 3 2 2 1 1 1 5 4 2 5 4 3 3 2 4 3 4 3 1 5 4 1 3 1 2 1 5 1 4 4 4 2 5 5 2 2 3 2 5 1 3 1 4 1 2 2 5 3 1 1 2 4 3 5 5 5 2 1 2 5 4 1 1 5 2 5 1 4 1 2 5 5 2 3 5 1 1 5 3 2 2 4 2 4 5 3 5 1 5 2 3 3 2 3 2 3 2 4 2 4 1 3 4 2 2 5 2 2 4 1 5 2 2 2 3 1 1 2 4 1 3 1 5 4 3 4 4 2 2 2 2 2 4 5 1 5 2 4 3 2 5 3 4 1 1 1 3 3 4 1 3 4 1 5 4 1 3 2 4 4 3 5 3 3 2 3 2 3 3 2 4 2 1 4 4 3 1 4 5 5 4 5 3 2 4 3 4 1 5 4 4 2 5 3 2 1 5 5 5 3 1 1 1 1 4 2 3 2 5 5 1 5 4 5 3 4 2 3 4 3 1 4 2 3 2 3 5 3 2 5 2 5 2 5 5 5 1 5 1 2 1 3 3 4 4 3 4 3 2 2 2 5 2 3 2 5 2 1 3 4 2 1 3 3 5 4 5 2 5 2 3 5 2 3 5 5 2 3 4 3 1 3 2 3 5 3 2 2 4 1 2 2 2 1 5 1 1 4 3 1 5 2 2 1 1 2 3 2 1 3 5 2 5 3 1 2 1 4 5 1 5 1 2 3 3 3 3 3 1 2 5 1 1 2 3 1 3 5 5 5 5 1 1 4 3 1 5 5 5 4 5 1 1 4 3 3 1 2 3 2 4 2 4 1 3 3 3 2 5 2 2 4 2 4 4 2 2 
264
1 3 4 3 3 2 1 2 4 1 3 3 4 3 5 4 3 4 4 1 3 3 4 4 3 3 4 1 4 5 1 4 2 2 1 1 3 3 2 3 1 2 1 4 4 5 5 4 5 3 1 2 2 1 2 4 3 1 4 1 2 2 2 4 3 4 1 5 4 5 2 4 1 2 4 1 3 5 1 3 2 1 1 3 4 3 3 1 3 2 4 4 3 2 4 5 2 5 1 5 4 2 3 1 4 4 1 3 3 4 5 2 1 1 1 4 5 4 5 2 2 5 2 1 1 3 2 2 4 2 2 4 3 1 4 3 4 1 1 2 4 2 3 2 4 3 5 3 3 4 4 4 3 3 4 5 2 5 2 5 1 5 3 1 5 3 3 1 5 5 2 1 2 1 2 5 5 1 3 3 2 3 1 1 2 2 1 3 1 4 2 4 3 1 4 2 5 3 2 2 3 5 2 4 2 5 5 2 2 2 1 3 2 3 1 3 4 1 1 2 1 4 2 3 2 5 1 3 4 5 4 1 4 2 1 3 3 3 1 5 4 1 4 2 5 4 5 1 1 2 4 1 2 5 5 3 1 1 3 4 5 3 2 5 
640
4 4 4 1 4 3 2 1 2 3 3 2 4 3 3 5 1 5 2 5 5 1 5 2 3 5 1 1 1 2 2 2 1 5 2 1 3 5 4 1 3 1 2 3 3 1 3 5 1 4 4 2 4 5 3 2 4 5 4 2 3 5 3 5 4 1 1 3 3 1 3 2 1 2 4 3 2 1 4 4 1 2 5 5 3 4 3 3 3 3 4 3 2 3 2 2 1 4 5 3 4 4 1 1 5 4 5 4 5 3 2 5 1 4 1 3 2 5 1 2 2 1 1 5 1 2 2 3 3 3 2 3 1 2 4 3 5 3 1 1 1 4 3 1 2 5 1 1 5 1 4 3 3 4 3 3 5 4 2 4 1 3 2 3 4 2 2 1 4 4 1 1 3 5 2 1 5 4 3 1 1 1 3 3 4 5 3 1 3 4 4 5 2 2 5 5 3 1 5 2 2 3 4 4 2 2 1 3 5 4 3 5 1 1 3 5 5 2 5 5 5 5 1 1 2 2 3 4 3 4 2 4 1 1 4 5 2 1 2 2 1 5 1 2 2 5 3 1 1 2 2 1 1 5 3 4 1 2 3 5 1 1 3 3 1 3 4 5 1 3 1 1 2 3 4 5 5 1 2 5 2 4 2 5 5 2 3 5 3 2 5 5 3 4 5 5 4 5 4 4 2 1 1 5 1 5 4 5 5 1 4 4 1 3 5 5 4 4 4 3 1 5 5 5 4 4 4 4 3 5 2 2 5 4 1 5 3 5 4 5 5 5 3 5 2 4 1 2 2 4 4 4 1 3 3 1 3 4 4 3 3 2 4 4 5 1 4 3 5 4 4 1 5 3 2 3 1 2 4 2 3 5 1 3 4 5 3 4 3 1 1 5 2 1 1 3 1 4 2 3 4 5 3 1 2 5 3 4 3 4 3 5 5 5 2 5 4 1 3 4 1 5 5 4 5 5 4 3 5 5 5 4 5 4 4 3 5 3 4 3 1 1 4 2 5 3 2 5 3 4 3 1 1 3 1 2 2 4 4 2 4 5 2 5 4 2 4 3 1 2 5 4 4 4 5 5 3 1 5 5 2 4 5 2 3 3 5 5 1 4 3 1 5 1 5 3 4 1 1 4 2 2 2 3 2 2 2 4 4 3 1 5 2 2 3 4 4 5 5 5 5 4 2 4 4 4 2 2 4 4 3 2 2 4 4 4 2 1 4 1 3 4 2 1 1 2 5 4 1 1 5 5 5 4 3 3 2 1 2 5 4 4 1 3 4 2 1 1 4 4 1 3 5 2 4 5 3 5 5 5 5 2 4 1 5 4 1 3 4 2 2 5 2 4 2 5 2 4 5 5 4 2 3 5 4 1 4 3 2 1 5 3 4 3 4 5 3 4 2 4 2 5 3 3 3 1 4 5 1 4 1 1 5 3 1 5 5 1 5 1 
416
4 1 1 3 4 5 1 2 3 4 3 2 3 2 5 5 5 1 2 5 1 2 2 1 2 3 2 3 2 5 5 2 5 1 2 3 2 2 1 5 2 5 3 1 1 2 2 2 4 3 2 2 4 3 4 3 2 5 5 1 4 1 2 5 3 3 4 5 1 4 1 4 3 3 4 5 2 5 2 2 4 5 5 3 4 3 5 5 5 1 5 5 1 4 5 4 3 3 5 1 2 2 4 1 1 5 3 2 1 4 1 5 5 5 4 3 3 5 4 2 5 4 1 2 4 2 2 1 5 3 3 3 1 2 5 2 3 2 5 3 5 5 2 4 5 2 3 4 1 2 2 2 2 4 1 5 1 2 2 2 2 5 4 2 3 3 5 5 2 5 2 1 1 1 2 2 2 1 5 3 2 3 4 5 2 4 1 4 3 3 2 1 4 2 4 1 4 4 5 2 5 3 3 5 3 1 2 5 3 3 2 2 1 2 1 4 3 2 4 2 1 5 4 4 1 2 4 1 2 5 3 1 2 2 1 5 4 2 1 1 4 4 2 1 5 5 4 4 1 4 2 1 3 5 1 3 2 4 4 3 5 3 4 1 4 1 5 2 4 5 2 4 5 1 5 5 5 5 5 5 4 2 2 1 1 2 1 4 2 1 2 1 3 2 3 1 4 5 4 2 1 2 5 1 2 1 5 1 1 1 2 1 2 5 1 3 3 3 3 4 3 4 1 5 2 4 2 5 3 5 1 5 2 3 5 3 3 1 1 3 2 4 3 3 4 1 2 1 3 5 2 3 5 2 2 4 2 1 3 1 5 1 1 3 3 5 3 5 1 3 5 2 1 4 1 1 1 5 2 1 1 3 3 5 1 1 3 5 1 3 5 3 3 2 5 2 2 2 3 4 1 2 2 4 3 2 4 3 3 2 5 3 1 2 3 2 
778
2 3 5 4 2 2 3 1 4 4 4 2 2 2 5 5 3 3 2 1 3 2 1 5 1 3 5 3 5 3 2 4 5 1 2 4 5 2 4 3 5 2 4 1 5 3 1 4 2 4 1 5 5 1 1 3 4 2 5 5 2 3 3 1 5 2 1 4 3 4 1 4 2 2 2 1 1 4 4 3 2 5 4 4 5 1 1 3 2 2 5 3 4 2 1 5 5 1 4 4 2 1 3 3 4 4 4 5 2 4 4 5 5 2 5 5 4 5 4 5 3 3 5 3 2 5 3 3 2 1 2 3 3 1 3 2 4 3 1 2 1 1 3 1 2 3 2 2 4 2 1 2 5 2 1 3 3 3 5 2 5 3 4 3 3 3 1 3 5 1 1 3 1 4 5 4 3 1 5 3 2 2 1 3 1 2 2 3 1 2 1 1 4 5 5 4 4 5 1 4 2 2 3 4 2 2 4 1 4 5 3 2 3 4 5 3 5 3 3 2 4 3 2 5 4 3 3 3 4 5 3 5 1 2 5 4 3 3 4 3 2 2 4 5 2 5 2 3 3 1 4 3 4 3 4 4 5 1 1 1 3 5 5 5 1 2 4 5 4 4 2 1 2 3 2 3 4 5 2 1 1 1 1 1 3 4 4 4 2 2 4 4 3 1 5 4 2 3 3 5 2 2 2 5 4 5 3 4 5 4 2 2 1 2 2 3 2 2 4 5 5 2 5 3 2 5 3 5 2 2 5 5 3 3 5 3 3 4 2 4 4 3 5 5 1 3 4 2 1 4 2 1 1 1 5 4 5 2 4 4 5 5 5 5 4 1 2 3 4 5 1 5 4 5 4 1 2 4 5 5 3 3 2 5 5 1 5 5 4 5 5 3 1 1 2 5 2 1 2 5 2 3 1 3 4 1 3 3 5 4 2 4 1 3 3 1 3 4 2 3 4 1 2 4 1 4 3 2 1 2 4 4 1 1 1 4 2 1 1 3 4 4 1 5 1 5 2 5 3 3 2 1 3 1 2 5 1 1 4 1 2 4 1 2 4 2 3 2 4 5 4 4 4 4 5 4 5 1 1 5 3 4 5 2 4 3 4 4 4 2 1 5 2 2 4 2 5 1 4 3 5 2 1 3 3 3 4 2 3 4 1 1 4 3 2 3 5 5 1 5 3 4 5 1 5 5 3 4 5 3 3 1 4 5 1 3 2 1 2 5 1 4 2 4 3 3 1 3 5 4 2 4 2 3 5 3 2 4 3 3 1 5 1 1 4 1 1 3 1 2 4 3 5 5 1 3 4 4 2 5 4 5 4 2 5 5 4 3 5 1 1 2 2 1 4 2 3 4 4 5 5 2 2 2 3 4 1 2 2 4 1 5 5 1 3 4 5 1 2 4 3 4 2 4 1 1 3 3 4 1 2 1 5 5 4 2 3 4 5 2 4 1 3 3 1 1 2 3 3 5 3 3 5 5 3 5 5 5 4 3 3 2 3 2 1 1 5 5 1 5 1 4 5 4 4 2 1 5 4 3 1 2 5 5 3 3 1 2 2 4 4 1 5 4 2 5 1 4 1 4 3 2 4 4 5 2 2 5 3 1 4 3 4 4 4 1 3 4 4 1 4 4 2 3 2 5 4 5 3 5 3 5 3 3 5 2 5 2 3 2 4 3 2 4 3 5 1 5 1 4 3 1 4 1 4 1 5 4 2 3 5 1 4 2 3 1 5 2 4 4 4 2 2 2 2 4 3 2 
536
5 2 3 1 5 3 1 2 4 4 5 1 4 5 2 5 3 4 2 1 2 5 1 3 1 2 1 5 5 4 2 4 2 4 4 3 3 4 5 1 5 4 4 5 1 2 1 5 5 2 5 1 2 1 5 2 4 5 3 5 5 4 4 1 4 4 3 1 5 4 4 1 3 4 5 5 5 5 4 1 2 3 3 3 5 2 1 4 3 4 5 2 2 3 4 1 4 1 3 5 5 3 5 4 1 1 3 2 5 3 2 3 5 4 2 2 2 3 2 1 1 1 4 4 1 2 1 1 5 1 5 4 3 1 4 1 1 1 2 2 3 4 2 4 4 3 2 3 5 3 3 2 1 2 3 1 5 3 1 4 5 2 4 3 4 2 3 1 4 1 4 3 4 5 2 5 3 3 2 4 3 1 1 3 4 3 5 1 2 2 4 2 3 3 1 1 1 5 3 5 5 1 2 1 1 5 2 5 5 5 3 2 5 3 1 1 2 5 1 1 1 1 4 5 3 4 2 1 3 4 5 4 4 1 4 1 3 2 5 2 1 3 3 1 2 3 3 1 4 3 1 4 3 4 5 3 4 1 3 3 1 4 1 4 1 2 2 3 3 1 4 4 3 3 1 2 2 3 2 5 2 2 5 1 2 4 5 5 1 4 2 1 2 2 2 5 5 3 2 3 3 3 3 3 5 5 4 2 2 5 1 5 3 3 5 4 1 5 3 4 3 4 4 2 2 2 1 2 4 2 1 4 4 3 1 1 4 4 2 2 5 4 1 2 1 2 5 4 1 4 2 1 2 2 4 5 4 4 1 2 2 3 5 3 2 2 3 5 2 1 1 1 4 1 4 5 5 5 5 2 3 1 2 1 4 5 1 2 5 3 1 2 3 2 4 4 4 3 4 2 3 1 3 1 4 3 2 3 5 1 4 2 3 3 5 2 4 2 5 4 1 5 5 3 2 5 2 2 2 2 5 4 2 4 4 2 2 3 4 1 3 5 4 3 2 3 4 5 1 3 3 2 5 4 4 3 3 2 1 1 3 5 4 2 4 5 3 5 2 4 2 1 3 5 5 1 5 3 5 5 3 5 1 2 5 2 1 5 3 1 5 3 5 1 1 3 5 5 4 3 3 5 5 2 2 5 2 1 4 4 2 1 3 5 4 2 1 4 1 5 4 3 2 1 3 2 3 2 4 4 1 1 3 2 5 1 
891
1 1 2 4 3 4 3 2 3 5 4 3 2 3 4 4 5 4 1 3 3 4 3 1 1 4 1 5 3 1 2 5 2 3 1 1 2 3 4 1 2 2 3 1 1 1 1 2 4 4 2 2 4 4 2 2 2 4 1 1 5 2 3 3 5 3 3 1 5 3 1 4 1 5 1 1 1 1 3 1 4 4 2 5 2 1 1 1 4 1 3 5 2 5 2 3 4 4 5 4 3 2 4 3 2 4 4 2 1 1 4 2 4 1 1 2 3 1 2 3 3 2 3 1 1 4 4 2 5 3 5 2 5 5 5 3 5 3 1 5 5 4 1 5 1 3 1 3 3 5 3 2 1 5 3 3 5 1 4 4 5 5 3 1 4 4 3 3 3 3 5 2 2 5 3 2 5 3 2 4 4 4 1 4 5 3 4 4 5 2 5 4 2 2 2 2 5 4 2 4 4 1 5 2 2 4 5 1 1 1 5 2 1 5 2 5 4 5 1 3 2 5 3 5 3 4 1 4 5 4 2 3 4 3 4 1 1 3 3 3 1 2 4 1 3 3 3 1 2 3 5 5 4 3 1 3 3 4 1 2 2 4 1 1 1 1 3 3 4 5 5 1 2 1 3 4 3 2 2 1 1 1 1 4 5 3 1 3 1 3 1 3 1 2 5 3 2 2 5 2 1 5 4 4 2 2 5 4 5 1 4 1 1 1 1 1 4 2 3 1 1 5 3 2 3 4 1 2 5 1 3 3 2 4 3 3 2 2 3 1 2 1 1 3 4 2 3 4 5 2 4 5 3 4 3 1 2 1 2 4 1 1 3 2 4 5 1 5 2 3 3 3 3 3 2 3 1 1 1 2 4 2 4 2 5 1 2 3 1 3 3 3 5 5 1 4 5 1 5 3 3 2 5 3 2 4 2 4 4 3 1 3 1 4 4 5 1 2 4 4 1 2 1 5 3 2 5 2 4 5 1 4 3 1 1 1 1 2 5 4 1 5 3 1 3 1 2 3 4 3 1 4 4 4 4 1 2 5 5 5 4 5 3 4 2 5 4 2 4 5 3 4 4 5 2 3 3 5 3 1 2 5 5 5 3 5 3 4 4 4 1 5 5 5 3 2 5 3 5 3 3 2 3 3 4 1 1 1 1 3 1 2 2 2 4 2 1 3 2 2 1 4 1 5 4 5 3 5 4 3 4 1 1 3 1 4 4 3 1 4 5 4 2 3 5 5 1 1 2 5 2 4 3 4 4 1 3 3 2 1 2 5 4 3 3 1 3 1 3 1 1 4 4 2 3 3 4 4 5 2 3 3 1 2 1 1 3 5 3 1 3 5 1 3 4 3 3 3 5 2 3 2 5 1 3 4 1 3 2 5 5 1 5 5 3 5 5 2 2 4 2 1 3 4 3 3 3 2 1 4 5 3 5 4 1 5 2 1 2 1 2 3 3 1 2 2 3 3 5 4 2 4 1 1 2 5 4 2 1 1 5 2 3 5 5 5 4 3 2 2 5 4 5 3 4 3 1 3 1 1 3 4 4 3 1 2 2 1 3 4 1 3 5 1 2 1 5 2 1 2 5 5 2 4 4 2 4 5 5 4 2 2 4 5 2 4 1 3 5 1 4 5 3 3 2 1 1 2 4 1 5 3 2 1 4 1 2 4 2 1 2 3 5 2 4 1 2 1 5 3 1 3 5 5 3 1 2 3 2 5 5 1 5 1 3 5 3 5 3 1 5 1 5 4 4 3 1 5 1 1 3 1 3 4 3 2 4 4 4 3 1 5 5 5 3 3 1 5 2 3 3 3 5 2 4 3 2 4 2 2 1 1 4 4 4 1 5 3 2 1 2 2 2 1 3 4 3 3 1 1 5 3 4 4 1 2 1 2 2 4 3 3 5 2 3 5 4 4 4 5 1 5 3 3 1 5 3 5 2 3 1 3 2 4 3 3 2 5 1 5 4 4 2 5 2 1 4 2 5 3 4 2 4 1 4 4 1 2 4 2 1 
264
5 5 4 4 2 5 4 2 1 2 2 5 1 5 5 1 4 1 5 2 3 4 4 3 4 4 1 2 3 2 2 4 1 5 2 4 1 5 2 4 1 1 3 3 2 2 1 5 5 2 3 4 5 2 1 1 5 2 2 4 5 1 2 2 2 4 2 5 5 5 3 3 5 5 2 4 3 2 5 4 4 3 2 5 4 3 5 5 1 4 1 2 1 2 5 2 2 3 3 2 2 2 1 4 3 2 2 1 1 3 1 1 5 3 5 5 2 2 2 2 2 2 5 2 5 4 5 2 1 3 5 4 4 5 2 2 3 5 4 3 3 4 3 4 3 3 4 4 1 2 5 2 3 1 5 2 4 4 5 1 3 1 5 2 2 3 5 5 3 5 2 2 3 2 5 3 1 3 1 1 4 3 4 3 3 3 2 4 3 3 4 1 4 5 4 2 5 3 1 2 2 5 5 1 1 4 3 1 4 4 3 4 3 1 2 5 5 5 5 2 2 1 2 5 5 5 2 4 2 4 2 5 5 1 3 5 2 2 2 5 2 4 3 4 1 1 4 5 5 3 2 2 3 3 3 5 5 1 5 3 2 4 3 1 
1
2 
726
2 3 4 3 5 5 1 3 5 3 3 2 3 3 3 4 5 2 3 1 1 4 3 1 5 1 3 5 1 1 2 5 3 3 2 2 2 4 5 3 2 2 4 1 4 1 1 1 5 3 3 2 3 5 2 4 5 1 1 3 1 2 2 4 1 5 2 2 4 1 5 2 5 3 4 5 1 4 2 2 1 5 3 1 4 2 4 1 2 4 5 5 3 1 5 3 2 1 5 2 2 1 5 3 5 3 2 5 1 1 1 4 5 1 4 5 2 4 2 3 3 1 4 2 3 3 4 2 4 5 3 2 2 3 4 2 5 2 1 3 2 4 3 3 4 1 5 5 1 3 4 5 4 3 1 3 2 5 4 5 1 4 1 3 1 1 4 2 3 1 1 1 4 3 1 4 5 2 3 1 4 4 5 4 3 1 2 4 2 2 4 4 5 1 1 2 2 1 1 1 2 1 3 2 4 3 1 5 1 3 5 5 3 2 3 5 4 1 4 5 3 4 3 4 4 1 1 5 1 3 5 2 3 3 4 3 2 1 5 3 3 4 4 3 2 1 2 5 4 2 4 3 5 4 3 4 1 5 5 1 2 2 5 2 4 5 4 2 5 5 1 4 4 4 1 5 2 5 2 5 1 5 4 1 5 1 1 5 1 5 3 2 1 2 3 1 3 4 5 2 3 5 2 3 4 3 5 2 4 1 3 4 2 1 1 4 3 1 5 3 1 2 2 3 5 1 4 2 1 3 5 1 4 2 5 4 1 4 5 4 1 2 4 5 4 5 5 4 5 4 1 2 1 4 5 2 2 5 4 2 4 5 4 4 1 4 3 3 4 4 3 2 3 2 1 1 1 5 4 2 5 2 1 5 2 5 2 3 1 2 2 1 1 5 4 4 3 1 3 2 5 1 3 2 4 5 4 1 1 5 2 5 3 4 2 4 3 5 2 5 3 3 5 3 2 4 3 2 4 1 5 5 3 4 3 1 3 2 1 5 3 4 4 5 3 2 3 2 1 1 2 5 5 3 3 4 1 2 5 2 4 1 3 1 4 1 1 3 4 3 2 1 4 2 2 3 1 1 1 3 2 4 3 1 2 2 1 4 3 2 5 2 2 5 2 5 5 5 2 5 4 5 5 4 4 1 1 4 1 4 3 4 2 5 2 3 1 2 4 4 4 5 2 5 4 3 2 3 4 5 4 5 2 3 3 2 5 1 2 3 4 4 3 5 4 4 5 4 3 5 4 3 4 5 4 3 5 2 2 5 2 1 4 5 5 2 1 2 2 2 4 2 5 3 3 3 4 2 4 1 1 2 5 2 4 3 4 5 2 2 4 3 2 3 2 4 4 2 5 2 3 5 5 4 2 2 2 5 1 2 2 3 5 3 4 3 3 4 2 4 1 1 3 4 5 4 2 5 2 1 1 1 2 2 4 4 3 2 5 5 3 4 3 3 3 3 5 5 2 4 3 4 1 5 2 5 5 4 4 3 1 1 3 3 2 2 3 1 5 4 1 3 4 5 5 2 2 1 1 5 1 1 3 1 2 5 5 4 5 3 1 2 5 4 1 1 2 3 2 1 4 4 5 2 3 1 3 4 4 1 4 4 3 3 2 4 2 3 2 3 1 5 5 2 3 5 
188
1 5 1 3 3 4 3 1 1 5 1 1 3 3 1 4 5 4 5 5 2 2 4 5 4 3 1 1 2 2 5 2 1 5 1 5 5 3 1 5 5 3 2 2 5 3 5 4 3 1 5 1 3 3 5 3 2 2 3 3 4 2 1 1 3 2 1 2 1 3 3 5 5 5 2 1 4 3 4 3 4 5 3 3 3 5 5 4 1 5 2 1 3 4 2 1 5 4 4 1 1 2 2 2 3 5 2 3 3 2 5 3 1 2 5 5 3 1 4 1 5 2 1 3 2 4 5 2 2 3 4 4 4 5 2 3 5 5 5 4 3 4 1 4 3 2 5 2 2 3 2 2 1 5 1 3 3 5 1 2 2 1 2 3 5 1 2 1 5 2 1 3 2 1 3 1 4 2 3 1 2 4 4 4 5 4 3 5 
593
5 1 1 5 4 5 2 4 2 2 1 3 3 5 1 5 2 2 4 5 4 4 1 4 4 2 4 2 4 5 1 4 5 3 3 5 3 1 1 1 3 3 5 2 2 5 1 5 3 1 4 1 1 2 2 4 3 2 5 3 1 2 3 2 5 3 3 4 3 3 4 5 5 3 3 1 4 4 2 2 1 1 4 2 2 5 5 1 3 2 5 3 3 3 1 4 5 4 2 2 1 5 4 3 4 1 5 5 1 2 1 2 2 4 3 5 1 4 2 3 5 1 3 3 3 3 1 4 1 3 3 4 4 1 1 5 3 5 4 1 3 1 4 1 1 1 2 1 1 3 1 1 1 3 3 3 2 5 4 5 4 1 3 5 1 5 4 5 1 4 5 4 4 3 4 4 5 1 2 1 3 2 1 5 1 5 5 4 4 3 3 5 3 2 4 5 1 2 1 2 2 1 5 5 5 5 5 5 5 1 2 5 4 4 4 1 3 3 5 3 2 4 2 4 1 5 5 1 3 1 4 4 1 3 3 2 3 5 1 4 5 4 3 1 2 4 1 1 3 2 4 5 1 2 5 1 2 5 3 1 5 2 5 2 1 4 3 5 3 1 4 5 4 3 2 3 3 4 3 1 1 3 5 1 5 4 3 3 5 5 3 4 3 4 2 4 3 2 3 2 2 1 3 2 1 1 4 3 5 4 3 5 1 4 2 5 3 4 2 2 5 2 3 3 5 4 1 4 2 3 3 3 1 2 2 1 3 2 3 2 5 1 3 1 1 4 2 3 2 1 2 1 2 1 5 1 1 5 2 3 5 4 2 5 5 3 5 2 2 4 5 1 1 2 3 2 5 2 1 3 2 2 1 3 4 5 5 5 2 3 2 1 1 3 5 3 3 1 4 4 1 1 1 2 2 1 5 4 2 5 1 3 4 3 2 2 5 3 3 1 1 4 1 3 4 2 5 1 4 1 1 4 1 1 2 4 3 3 2 4 5 5 3 3 2 1 1 1 4 4 1 1 2 3 5 2 4 5 4 4 2 4 5 4 2 3 2 4 1 4 3 5 3 2 4 4 3 4 2 3 4 2 5 3 2 4 4 5 5 3 1 3 1 5 1 4 4 3 3 1 1 2 5 5 3 5 3 2 4 1 1 2 3 5 1 4 1 5 5 5 2 2 5 4 3 5 5 2 2 2 2 4 5 4 3 4 3 3 1 3 3 1 2 5 3 2 5 3 1 2 4 4 3 3 5 1 3 4 2 1 2 5 5 3 3 2 1 1 4 3 5 2 1 1 3 3 3 5 5 5 1 5 4 3 5 5 3 2 5 1 4 1 1 
298
3 5 2 5 2 5 3 2 3 3 2 1 5 1 2 1 1 2 2 1 4 1 5 4 4 4 1 3 1 3 5 5 5 3 4 1 3 1 2 2 3 1 4 4 1 5 1 3 1 3 5 2 3 4 2 2 4 2 4 1 2 5 5 1 3 1 1 2 1 5 3 1 2 4 1 4 3 2 2 4 4 1 2 1 2 3 4 2 1 4 5 2 4 1 4 3 1 2 4 4 1 3 1 2 1 1 5 1 4 3 1 4 1 2 2 4 1 5 5 1 4 4 5 4 2 5 1 2 1 1 5 1 5 2 4 1 3 1 3 3 3 3 2 3 4 3 1 4 2 3 1 2 3 2 5 4 2 2 3 2 2 4 5 2 1 3 4 5 5 1 2 3 5 3 2 3 5 5 3 4 4 3 5 3 5 5 4 3 1 1 4 5 4 5 3 4 5 3 3 4 5 2 3 4 4 5 1 1 1 5 4 1 2 5 3 3 1 1 5 2 3 1 3 2 5 5 2 4 4 2 5 3 3 2 1 3 3 3 3 3 2 3 5 5 3 5 5 5 5 4 1 3 1 5 1 3 1 2 3 4 3 2 1 2 4 3 5 1 5 4 1 3 4 5 3 1 1 2 2 1 2 3 5 5 4 5 2 5 3 1 3 1 3 1 4 1 3 3 
698
5 2 3 4 5 5 3 2 5 4 3 2 3 2 3 4 1 2 2 2 2 2 4 4 4 4 2 1 2 5 1 3 3 5 1 4 4 4 2 1 4 1 4 3 3 2 1 5 5 2 1 3 1 1 1 1 5 3 2 3 2 2 2 1 1 2 4 2 2 2 4 1 2 4 5 1 2 1 5 4 4 2 1 1 5 2 2 4 4 5 3 2 3 1 4 5 2 4 1 1 5 1 1 1 2 5 2 3 2 3 1 3 2 4 3 1 5 1 1 5 5 3 1 2 3 4 2 1 4 4 1 3 2 3 3 3 5 1 2 1 1 3 5 2 1 5 2 2 5 2 1 5 1 3 3 5 3 4 5 1 5 3 3 1 5 2 3 4 3 1 2 3 5 3 1 2 2 2 3 2 5 3 3 5 5 5 4 2 4 5 4 5 2 1 5 4 3 4 2 2 4 5 1 4 3 1 5 4 2 5 2 1 4 4 2 4 4 5 2 4 4 1 3 3 3 4 1 5 2 4 3 2 4 3 2 3 3 2 1 1 3 5 3 1 3 4 1 3 5 3 3 1 5 5 3 4 5 5 1 1 3 3 5 3 3 1 5 2 4 3 3 1 2 2 2 1 3 2 4 4 1 1 4 2 3 3 1 2 2 1 5 2 3 4 4 2 4 1 4 3 3 3 3 4 1 4 4 3 3 4 2 3 5 2 5 4 5 5 5 3 2 4 4 1 2 5 3 3 5 1 5 2 3 4 2 3 5 2 3 2 1 1 1 2 2 5 5 1 1 4 1 2 5 4 3 3 3 2 5 4 2 1 5 1 2 3 5 1 5 4 4 5 4 4 3 1 1 2 3 3 2 3 2 3 2 1 1 1 2 5 5 3 3 1 5 4 4 1 4 3 5 4 4 3 4 1 3 1 4 1 4 2 3 5 5 1 2 5 4 3 1 3 2 3 5 1 3 3 1 3 5 5 1 5 5 2 2 2 2 5 4 5 2 4 1 3 1 2 2 4 1 4 3 2 4 3 4 1 5 5 4 2 1 1 1 2 2 3 1 4 4 4 5 2 4 3 4 5 1 2 3 2 1 1 5 4 3 4 1 4 5 1 5 2 2 3 4 5 2 4 5 5 4 5 2 3 4 2 4 4 4 3 2 1 3 2 1 2 5 1 3 1 2 2 2 5 4 5 1 5 5 1 2 1 2 5 3 5 1 3 5 1 5 2 1 5 3 1 3 4 4 5 4 2 2 2 3 2 4 3 4 3 5 5 3 1 1 2 2 1 4 4 2 1 5 4 5 4 2 4 4 5 4 4 1 2 5 5 3 3 2 3 1 2 4 5 4 4 4 3 5 2 1 3 4 2 3 5 5 4 4 5 5 2 3 2 3 2 1 2 5 3 2 2 1 5 3 1 4 1 5 3 5 5 2 3 3 4 3 2 5 1 3 4 4 5 1 3 2 3 1 3 5 2 4 2 2 1 5 5 4 4 4 3 4 2 5 3 2 4 5 1 1 4 2 4 4 4 3 5 1 4 2 3 2 2 1 3 4 5 4 2 4 4 4 4 5 1 
551
2 4 2 4 5 1 5 5 4 3 3 5 1 3 3 3 4 1 3 4 4 3 2 3 3 1 3 1 2 3 3 3 2 5 2 3 2 3 4 5 3 1 1 3 5 3 2 1 3 4 4 3 3 2 5 5 4 3 2 1 2 2 5 5 1 1 2 4 1 1 5 3 3 5 2 5 4 3 5 1 1 3 5 1 4 2 2 5 1 1 5 2 2 4 2 4 2 5 2 2 2 1 1 5 2 2 4 5 4 5 2 1 2 1 1 2 4 3 1 4 5 5 3 1 1 4 1 2 5 2 5 2 4 5 3 5 1 3 4 4 2 5 4 5 2 2 1 1 1 4 4 5 5 1 5 5 1 2 3 3 3 2 4 3 1 3 2 1 2 2 1 5 1 5 4 2 3 1 2 3 4 3 2 1 5 3 5 1 4 3 5 3 4 5 5 2 2 1 4 5 2 5 4 4 1 4 2 3 4 1 5 5 3 3 2 4 5 1 1 5 5 5 2 4 4 1 2 2 3 5 1 1 4 4 1 1 4 2 5 5 4 4 1 1 3 2 2 2 2 2 1 2 2 4 2 2 1 5 4 5 4 4 5 5 5 2 5 3 1 5 4 4 5 4 2 3 5 3 1 4 1 4 2 2 2 3 1 3 2 4 2 2 4 4 1 3 5 3 3 2 4 1 1 3 5 2 2 1 1 3 4 1 1 5 5 4 2 5 1 5 3 5 2 1 3 4 1 4 1 5 1 4 5 3 4 1 4 5 2 4 4 5 1 1 5 5 5 3 4 2 5 3 1 3 1 5 1 1 1 4 5 3 4 1 5 2 2 5 4 3 5 4 2 5 2 3 5 1 3 5 4 2 3 5 4 3 1 1 5 1 1 1 3 5 1 4 3 2 3 3 1 2 2 5 4 3 2 3 5 4 2 5 2 1 1 5 5 2 3 4 4 3 4 4 4 2 2 2 3 5 1 1 3 2 5 1 1 3 5 2 4 4 2 5 4 2 2 4 5 4 4 4 3 5 2 2 1 3 5 5 4 5 5 4 4 4 4 1 4 4 3 2 4 1 1 2 4 2 2 4 2 3 4 2 2 5 3 2 4 4 1 5 3 1 3 1 1 3 4 4 3 1 2 1 3 3 5 1 1 3 1 5 5 4 1 1 5 5 2 1 3 5 5 5 2 4 3 4 1 1 5 1 3 1 1 2 3 2 4 1 5 5 5 4 5 5 2 2 1 5 2 
358
4 1 4 2 1 3 1 1 5 5 3 4 5 4 5 5 2 4 2 1 5 1 2 1 2 3 2 2 4 3 1 5 5 4 1 5 2 3 3 1 2 5 5 4 5 1 5 2 1 3 4 2 3 2 3 1 1 4 4 5 4 4 4 5 2 4 5 5 4 4 3 2 5 4 5 2 4 1 5 2 3 3 3 2 2 5 4 2 1 2 1 1 5 4 5 4 5 1 5 3 4 2 4 1 2 1 2 3 3 3 4 3 2 1 1 3 3 5 5 5 3 5 5 5 1 4 5 5 5 4 4 5 3 4 2 4 1 5 1 4 2 4 3 4 2 3 1 4 4 5 3 2 2 4 1 2 2 2 3 3 5 1 5 2 1 1 3 2 3 3 2 4 4 4 2 5 3 5 5 2 4 4 5 5 2 2 3 5 3 5 3 4 2 4 3 3 1 5 1 3 4 4 2 2 2 5 3 1 4 4 4 5 2 3 1 3 1 4 3 3 5 2 4 2 5 1 1 2 5 3 5 3 1 3 2 4 2 1 1 1 5 5 2 3 4 2 1 5 2 5 4 2 3 2 5 2 4 2 3 3 4 4 3 1 1 4 4 3 1 1 5 5 5 3 3 1 4 5 5 1 1 5 2 3 4 3 1 2 4 5 2 2 4 4 2 1 4 2 5 1 2 1 3 4 3 2 4 2 1 5 4 3 1 2 5 4 4 2 3 2 1 1 3 1 4 1 2 4 4 3 4 2 4 1 2 1 4 5 4 4 1 2 3 2 3 4 2 1 5 4 2 3 4 1 5 4 3 3 
394
3 1 5 2 4 2 3 1 1 5 5 1 5 1 4 1 4 2 3 1 4 3 3 1 4 5 5 4 5 3 3 2 3 2 3 3 5 1 3 5 5 2 1 1 5 4 2 3 2 1 5 5 3 4 5 3 4 2 2 3 4 4 1 3 2 4 5 1 1 2 3 2 1 3 2 5 3 5 4 1 5 3 3 5 2 2 2 2 5 5 4 5 5 4 2 3 4 3 1 4 5 3 2 2 2 4 1 1 5 1 1 5 3 3 1 1 2 4 2 3 1 2 3 5 3 4 3 1 2 3 2 3 5 5 1 3 5 3 3 5 3 5 1 2 5 1 3 1 1 1 3 1 5 2 1 2 1 5 4 4 4 5 1 5 2 3 2 1 5 4 5 2 5 5 5 4 2 2 1 5 5 4 5 4 5 2 2 2 3 5 5 1 2 2 5 3 4 1 3 5 1 3 1 1 4 1 1 3 4 2 2 5 2 3 5 3 2 1 5 4 1 1 5 4 5 4 1 5 2 3 5 4 2 2 4 3 4 2 5 5 3 3 4 4 5 1 1 1 1 2 2 3 3 1 1 4 1 3 3 4 3 4 3 4 1 3 3 1 4 4 5 3 1 1 1 3 1 2 5 3 5 1 3 2 3 3 2 1 1 5 4 3 5 3 3 5 3 3 3 3 1 2 1 4 4 1 3 1 4 2 4 4 3 1 2 2 5 4 2 2 5 3 1 4 2 1 1 4 3 3 2 5 1 2 5 5 4 2 5 3 4 5 1 3 2 4 4 4 2 3 5 3 5 1 2 1 3 2 2 2 4 3 1 4 1 3 5 4 4 2 1 4 1 3 1 3 4 2 1 2 4 2 5 5 4 1 2 1 4 3 2 4 2 5 
554
4 2 4 3 5 5 5 4 2 5 1 1 3 2 3 4 2 5 3 3 3 5 2 1 5 1 2 5 3 3 4 3 4 4 5 1 5 5 4 1 4 1 2 3 5 4 1 3 5 1 1 3 2 2 5 2 2 1 3 1 4 1 4 4 4 5 4 5 1 4 1 4 5 4 3 4 2 4 3 4 1 3 1 2 1 2 5 5 2 3 5 2 5 5 3 1 5 1 5 5 5 5 1 1 3 3 1 2 3 3 5 3 3 2 2 3 5 3 2 1 5 4 5 5 5 2 5 1 4 1 1 5 1 3 5 5 2 2 3 2 5 4 4 2 2 2 1 1 5 3 4 4 3 5 5 2 3 1 3 1 2 5 1 4 4 2 3 5 4 3 1 3 1 2 1 5 3 1 5 2 5 5 3 4 4 4 1 1 5 5 2 3 4 4 1 4 2 5 3 5 2 1 4 5 4 4 4 1 2 5 5 3 5 4 2 3 2 4 1 3 3 4 5 3 2 5 1 3 5 5 5 3 5 3 2 3 4 2 1 2 2 2 1 3 5 2 5 1 5 2 1 4 5 5 1 3 2 3 3 3 3 2 5 4 1 4 4 1 5 4 2 3 2 3 5 1 1 2 3 3 5 3 1 5 5 4 2 1 1 4 3 5 2 2 4 3 2 2 3 2 2 2 1 3 1 3 3 1 1 2 5 5 5 3 1 4 1 3 4 3 3 3 3 5 4 3 2 1 4 1 4 5 2 1 2 2 5 1 5 5 2 4 2 3 1 2 3 3 4 3 3 2 5 2 3 1 4 4 3 2 4 1 3 3 3 4 1 3 1 5 4 2 1 5 2 1 4 4 1 2 2 3 5 1 4 2 1 2 2 5 5 3 2 2 5 5 2 5 4 2 2 2 5 2 4 1 4 2 5 1 5 3 3 2 5 3 5 3 1 2 2 5 1 4 3 5 3 4 1 1 2 4 4 2 5 2 4 1 5 3 1 5 2 1 1 2 5 5 4 1 3 5 5 3 3 5 2 2 3 5 4 2 3 3 3 5 1 3 2 1 3 4 5 4 1 2 5 1 1 3 1 4 5 2 3 2 1 2 1 1 1 4 2 5 3 1 1 4 3 4 1 2 3 5 1 3 3 5 5 5 5 5 3 4 4 3 2 4 4 2 1 4 1 4 5 3 1 3 3 4 1 3 5 3 4 2 3 1 2 2 1 3 4 5 1 2 2 2 2 5 4 3 5 1 
781
5 3 2 2 1 2 2 3 3 2 2 2 1 4 3 4 4 2 2 4 2 3 2 5 2 2 3 4 1 3 1 2 3 4 5 3 2 4 2 2 5 5 3 2 4 5 5 2 1 2 2 4 1 4 3 2 2 3 2 2 2 5 1 4 3 5 3 2 3 5 3 4 1 5 5 4 1 5 3 3 3 1 1 3 4 5 2 2 2 3 1 1 4 1 4 4 5 4 5 5 5 2 5 5 1 5 1 3 1 3 5 3 5 2 5 1 1 3 2 5 3 2 5 1 2 5 4 4 5 3 5 4 1 4 4 3 3 1 5 5 5 4 2 4 5 4 4 3 1 1 4 5 4 5 1 1 4 1 1 1 1 5 4 1 5 4 4 5 4 3 4 3 4 1 4 5 1 2 2 3 4 2 3 3 1 5 5 2 5 5 2 2 1 5 3 5 1 3 4 4 2 3 4 5 5 2 2 2 3 5 4 4 2 3 1 2 2 5 5 4 4 1 5 1 3 4 5 3 1 4 3 5 3 1 1 4 4 2 5 4 2 3 2 3 1 4 1 4 3 1 2 3 3 4 3 2 4 2 4 5 2 4 1 1 1 1 4 5 3 3 5 4 1 1 3 3 4 3 3 3 5 5 5 3 5 4 4 3 2 5 4 1 5 4 1 5 2 5 1 4 2 5 4 4 2 3 1 2 5 4 4 2 5 5 1 1 5 4 3 2 5 4 2 1 4 2 1 5 1 3 3 5 5 3 3 1 5 1 5 2 1 3 3 2 5 3 2 4 3 1 2 5 4 3 5 3 2 2 2 4 2 2 3 1 1 1 3 1 1 2 4 3 2 1 4 3 5 5 1 2 2 5 1 1 2 3 5 5 4 1 4 5 4 1 2 5 3 5 2 5 3 5 2 1 2 5 3 1 1 1 2 3 5 5 5 3 2 4 3 2 1 3 2 5 3 5 1 1 4 2 2 2 3 4 4 4 5 2 4 1 2 2 5 3 1 4 5 4 2 4 3 2 1 1 3 4 5 5 1 4 1 4 2 5 2 5 3 2 3 3 4 1 5 5 3 2 3 3 1 1 3 3 4 4 3 2 4 4 1 4 2 4 4 5 5 1 2 3 4 4 5 4 5 1 3 4 3 2 1 5 2 4 4 5 4 3 3 2 1 1 2 3 1 5 4 5 2 5 2 5 1 4 5 2 4 2 5 3 3 3 2 1 3 5 1 1 2 5 2 3 5 5 2 5 4 5 2 1 2 3 2 4 3 2 5 4 3 1 1 3 3 3 3 2 2 5 2 4 2 5 3 1 4 4 3 5 5 4 5 3 3 1 1 3 4 2 1 4 3 1 1 2 3 5 4 2 2 2 2 3 2 4 5 2 2 2 1 3 2 2 1 2 5 3 4 3 5 4 1 4 4 3 2 4 3 5 5 4 4 1 1 2 1 5 3 4 4 1 1 2 4 1 3 3 1 1 1 5 4 3 3 5 1 4 3 3 1 4 3 1 1 5 2 1 1 1 4 1 3 1 3 2 4 5 4 4 1 1 5 1 4 4 5 4 4 4 3 4 2 2 4 4 1 2 1 3 3 1 4 5 2 1 3 5 5 2 5 2 4 4 3 2 2 4 2 5 3 1 1 1 2 1 2 4 3 2 2 2 3 5 3 4 5 1 5 1 4 1 5 2 4 4 1 2 2 4 1 1 2 3 4 5 4 5 4 3 1 5 1 3 1 3 3 2 5 4 4 3 4 3 2 
957
1 2 5 5 2 3 5 3 5 3 3 5 4 1 4 5 2 4 4 4 4 2 2 5 5 5 5 1 5 1 4 5 4 4 1 5 1 1 5 2 5 2 2 4 4 2 5 2 3 3 2 3 1 3 2 3 2 1 3 1 1 3 3 4 1 3 1 3 5 5 5 2 3 3 2 1 4 1 4 1 5 5 3 3 2 2 5 5 2 4 3 5 1 5 3 4 4 5 1 1 4 5 2 1 4 3 3 3 5 1 5 4 5 5 1 3 1 2 3 4 2 5 3 5 1 3 3 1 2 5 1 3 2 4 5 5 3 5 2 2 5 4 1 2 3 3 1 5 2 3 3 3 4 3 2 1 5 1 2 3 1 4 2 4 3 2 3 2 3 2 4 2 5 1 5 4 3 3 5 1 2 4 4 1 1 2 3 2 5 1 5 2 5 1 5 4 4 2 5 1 3 5 5 4 5 1 4 5 3 3 5 5 2 5 2 4 2 4 1 3 5 5 4 1 2 5 4 3 3 5 3 1 5 4 1 1 5 5 5 4 2 5 3 5 4 4 4 2 5 4 4 4 5 4 4 1 3 4 3 1 5 3 3 1 1 5 2 2 4 1 1 3 2 3 2 1 4 5 4 3 3 3 3 4 3 3 5 3 3 4 5 2 3 2 5 1 1 1 2 2 1 4 4 3 4 5 5 4 2 3 3 1 2 5 5 5 4 1 2 1 1 3 4 4 4 3 1 1 5 4 4 1 3 2 5 1 4 4 4 2 3 1 2 5 2 1 1 5 3 4 2 4 1 2 4 1 2 4 3 3 2 2 5 4 5 4 1 5 4 1 1 4 3 3 3 4 5 5 5 3 3 3 1 5 2 4 5 5 2 2 2 5 5 2 4 5 5 1 1 1 2 2 4 4 4 3 5 3 2 1 2 1 4 2 5 2 2 1 1 3 4 2 5 1 3 3 5 5 5 2 2 1 3 5 2 3 4 1 3 2 1 4 2 1 1 3 2 4 5 2 4 3 1 3 3 5 5 4 4 4 1 2 2 5 3 3 3 1 5 5 2 5 3 5 3 5 2 4 4 1 3 2 1 3 4 5 2 5 1 3 5 1 4 3 2 2 5 4 4 1 5 1 3 3 5 5 4 4 5 2 4 2 5 1 4 5 1 3 4 1 5 1 3 3 3 4 1 5 5 5 5 4 2 2 3 1 3 2 4 3 5 5 4 2 5 5 1 2 2 2 2 1 2 1 5 1 2 1 5 1 2 2 4 3 5 4 5 3 5 4 5 1 5 3 2 4 2 3 1 5 1 4 5 4 5 5 4 1 2 1 3 5 2 3 2 1 1 1 3 5 1 4 1 5 4 2 1 2 1 1 2 1 1 1 4 2 2 5 4 5 5 1 4 3 4 2 3 4 3 3 1 5 3 3 5 1 1 5 3 2 2 1 4 2 1 5 1 5 4 4 4 5 5 5 2 3 1 1 3 5 5 3 5 3 2 1 5 3 2 4 4 3 4 4 1 2 3 1 1 3 5 1 4 1 2 5 5 3 3 2 4 4 2 5 3 3 5 3 5 1 3 5 5 2 1 3 5 5 5 2 3 1 2 1 1 4 3 5 3 2 4 1 5 5 1 3 4 2 2 4 5 4 5 1 2 5 5 1 5 5 2 4 2 1 4 3 1 3 4 3 1 2 5 1 3 2 5 2 1 1 2 5 4 1 5 1 1 5 3 2 1 5 5 2 2 5 1 2 3 5 1 3 3 2 5 3 4 4 4 4 4 2 5 5 2 1 2 4 2 4 5 2 5 1 1 1 1 1 2 5 2 4 4 5 1 4 2 4 2 2 4 3 3 5 2 1 5 5 2 2 3 3 5 5 4 5 5 4 1 4 5 2 2 3 3 2 1 1 2 5 2 2 2 1 1 5 4 3 4 5 4 3 4 3 2 2 3 2 2 5 2 1 1 3 4 4 2 1 1 5 5 3 4 3 5 4 2 3 1 5 4 1 3 5 4 1 3 3 2 5 2 3 2 4 3 2 4 1 5 5 5 4 2 3 2 3 4 5 3 1 5 1 4 4 5 2 4 3 1 3 4 2 2 2 5 1 1 4 1 5 3 3 5 1 2 3 5 5 3 2 3 4 3 1 4 4 4 
719
3 1 3 3 2 5 2 3 5 2 3 3 3 2 5 4 4 1 2 4 3 1 5 2 1 4 4 1 5 4 4 2 4 2 2 2 3 3 4 4 4 4 1 3 2 2 3 1 5 1 1 4 1 5 5 3 1 3 3 5 3 2 3 1 5 4 2 4 1 5 2 1 5 5 5 2 3 3 4 2 3 4 5 1 3 1 3 5 5 1 1 2 4 4 2 5 4 3 3 5 5 1 2 1 2 2 2 2 1 5 3 3 3 5 3 3 2 3 4 2 5 5 5 3 3 4 4 1 3 3 2 2 5 1 5 2 4 1 3 4 3 2 1 2 3 1 1 5 3 5 3 4 4 4 1 3 2 1 5 5 5 4 3 4 4 2 2 2 5 1 5 2 5 2 5 2 4 1 3 3 2 5 1 5 1 3 4 2 5 3 1 4 1 1 3 1 2 4 2 1 2 3 4 1 2 1 2 5 1 2 5 2 3 5 3 3 5 3 5 4 5 2 3 3 2 2 3 4 5 2 1 3 4 2 3 5 2 2 2 4 3 1 2 5 2 1 3 3 3 4 2 4 5 1 3 2 2 1 2 3 4 2 1 4 5 3 4 1 4 2 1 3 4 4 3 5 4 2 5 3 5 1 2 4 1 4 5 2 1 1 4 1 5 1 5 4 4 3 2 4 1 4 4 4 3 1 5 3 4 4 1 3 1 4 3 1 4 3 4 2 5 5 2 1 5 1 5 5 5 3 1 5 1 4 5 5 1 2 3 4 2 5 3 3 5 5 5 3 2 4 4 4 5 3 4 4 3 5 1 5 2 1 1 5 1 1 1 1 4 3 1 5 4 3 2 3 2 4 3 1 4 3 1 3 5 4 3 5 1 3 4 4 5 4 3 5 1 4 5 4 3 5 4 4 4 2 3 1 5 2 3 3 5 3 5 1 3 5 2 3 2 5 2 2 1 1 3 3 1 3 2 1 4 2 1 5 5 3 5 5 2 2 4 3 1 1 3 3 5 5 3 3 1 1 1 3 3 4 3 4 3 4 1 3 2 1 2 1 5 3 2 1 1 3 3 1 3 3 1 4 4 3 1 1 3 4 1 5 4 3 5 1 3 5 5 1 2 2 3 4 4 5 1 2 4 1 2 3 3 2 1 3 1 3 5 5 3 5 5 1 4 1 3 1 3 3 3 4 4 1 4 4 2 5 5 5 5 4 2 4 2 2 3 3 1 2 2 4 4 3 4 2 4 2 5 1 1 2 1 1 2 5 4 3 1 1 4 5 1 5 5 2 3 2 1 1 3 3 4 3 2 4 5 2 2 1 2 2 2 5 2 1 1 3 3 1 3 2 2 5 3 1 1 1 4 2 3 3 1 1 1 2 1 2 4 3 2 2 4 3 3 1 3 5 3 3 5 2 1 3 1 3 3 3 5 3 4 2 1 1 4 1 5 5 2 5 2 5 3 5 2 3 2 2 2 4 4 2 2 4 4 2 3 4 5 3 3 5 1 3 3 5 5 4 4 3 3 5 2 2 1 1 4 3 2 1 3 5 4 5 5 2 3 2 2 4 1 2 1 2 4 3 1 1 1 1 3 5 5 5 1 2 5 2 4 3 2 4 4 
470
3 3 3 2 1 2 1 2 3 1 5 1 5 2 1 2 2 1 1 3 2 3 4 3 4 5 5 5 3 3 1 2 2 4 3 4 2 5 5 4 5 1 1 4 2 4 5 3 4 2 5 2 5 1 4 5 5 3 2 4 2 2 5 5 2 4 3 3 4 5 3 5 5 4 4 4 2 5 1 2 4 3 3 5 3 1 4 2 5 5 2 3 4 3 2 2 1 1 2 1 5 4 1 2 2 1 5 5 2 5 1 5 4 3 4 1 5 5 4 4 1 5 3 1 2 4 3 5 5 4 5 1 4 2 2 3 4 3 2 1 5 5 2 3 4 3 4 4 2 4 4 2 4 4 3 5 2 2 1 3 2 1 1 5 4 4 4 3 2 1 5 3 2 3 5 5 5 5 5 1 4 1 5 4 4 4 3 2 5 1 2 3 3 2 2 1 2 1 5 3 3 4 2 1 2 2 5 3 3 2 1 1 4 5 4 2 5 4 5 4 4 1 1 1 4 4 3 1 1 3 5 5 3 2 5 1 5 2 4 2 5 4 5 3 5 5 4 4 3 3 4 3 1 1 5 4 4 5 1 2 2 1 3 4 4 3 5 3 1 5 1 5 3 5 2 2 5 2 5 4 1 3 4 1 3 3 2 3 2 2 1 5 4 4 1 4 3 2 1 3 1 4 4 3 3 5 1 2 1 5 3 3 4 1 4 3 5 5 2 4 3 3 3 4 3 3 2 5 1 5 4 1 3 2 3 2 3 5 1 5 4 3 2 4 3 2 3 4 1 5 2 1 4 2 1 1 1 2 2 2 3 2 2 5 3 2 2 2 1 2 1 2 1 4 5 5 1 3 3 3 4 2 3 2 3 3 4 3 2 5 4 4 1 3 1 5 4 2 1 1 5 3 2 5 1 4 4 1 3 3 4 3 4 3 4 1 3 4 1 4 5 1 4 2 3 4 3 3 5 3 4 1 2 2 5 4 2 5 2 4 3 5 1 1 4 1 4 1 4 4 1 5 4 5 1 4 3 3 1 5 2 1 5 5 3 2 4 4 1 5 
40
5 1 2 3 1 3 1 2 3 1 4 5 4 5 5 4 3 5 5 4 1 5 3 1 4 1 1 5 2 5 1 3 2 2 5 2 1 2 5 1 
969
4 5 3 3 4 3 2 3 2 5 1 4 5 3 4 5 3 3 3 4 3 1 5 2 2 1 2 1 1 2 4 1 1 3 5 2 1 4 1 4 5 1 2 4 5 1 4 2 5 3 5 5 5 4 1 2 2 2 4 4 1 2 1 3 2 2 4 2 5 2 5 5 4 4 5 4 4 5 5 5 3 2 4 2 2 4 5 3 3 3 3 3 2 3 5 3 2 1 1 1 2 5 2 5 5 2 3 5 3 5 5 5 3 3 4 4 4 3 4 1 3 1 5 1 1 4 3 4 1 3 4 2 4 3 4 4 1 3 3 3 2 4 5 4 2 3 5 2 2 3 2 1 5 1 1 2 1 5 5 4 2 1 2 3 3 5 3 5 3 2 2 1 1 3 5 4 2 1 5 4 3 3 1 2 5 2 1 2 1 5 5 5 2 2 4 1 1 1 5 5 2 4 1 4 1 2 2 3 2 3 3 1 5 5 4 4 1 4 1 4 1 2 5 2 3 3 3 1 5 2 5 3 5 2 2 3 3 5 5 1 3 4 1 4 3 5 5 1 3 5 1 3 1 5 2 1 4 4 1 5 2 2 2 2 4 5 1 1 5 5 4 4 5 4 2 2 3 3 4 3 2 4 2 5 5 3 2 3 3 2 2 5 3 1 3 3 5 3 1 1 4 4 4 3 2 3 1 2 5 5 1 4 3 4 5 3 2 1 2 1 4 4 5 3 4 2 1 5 4 1 1 2 1 1 1 4 5 2 5 2 1 2 5 3 1 1 2 4 1 4 4 4 4 4 1 4 2 3 3 3 3 5 1 3 1 2 2 2 3 3 3 5 5 4 2 2 4 1 5 1 4 5 1 4 3 2 2 2 1 1 4 4 1 4 3 3 5 1 4 4 4 2 3 5 5 2 3 1 2 2 1 2 1 4 5 1 2 3 4 2 3 2 5 3 2 5 5 4 5 4 2 5 2 5 1 3 3 3 5 4 1 3 2 4 1 3 1 2 5 4 3 2 5 5 5 3 4 1 1 5 1 3 2 2 4 2 2 1 5 1 1 2 3 2 5 3 4 5 4 3 3 4 1 4 3 5 2 3 3 2 2 3 1 3 2 4 2 3 1 1 3 1 2 3 4 4 5 4 3 1 1 3 4 4 1 1 5 4 3 2 1 1 5 1 1 3 2 2 5 2 4 4 3 2 1 3 5 1 2 5 1 4 2 4 2 4 1 2 3 5 3 5 5 4 2 2 1 3 5 2 2 5 1 4 2 1 1 3 3 4 2 5 3 5 5 4 4 2 5 3 1 5 2 3 3 5 1 4 5 1 2 1 5 2 4 3 5 1 1 4 5 2 1 4 4 2 2 2 4 4 1 4 3 2 3 5 3 4 5 2 1 2 2 5 5 2 3 4 3 5 5 4 1 5 2 1 1 5 2 1 3 2 5 5 5 4 2 3 2 1 4 2 4 3 4 4 4 3 4 3 2 3 3 4 4 1 5 2 1 3 2 3 5 3 3 1 4 4 5 5 1 1 4 5 3 4 5 1 1 5 1 2 5 3 2 3 4 1 1 4 4 5 3 5 2 2 2 5 2 2 2 3 2 2 4 1 5 5 3 2 4 3 5 3 3 1 3 1 2 3 1 2 2 3 1 1 5 2 2 1 5 5 5 3 1 5 3 2 4 3 3 3 2 2 2 4 3 4 1 1 4 1 2 5 1 2 2 2 5 4 4 5 3 4 4 1 5 2 2 4 1 2 3 2 3 4 3 2 3 3 2 1 1 3 2 3 1 1 4 3 1 2 2 5 2 5 5 2 3 4 2 5 5 4 2 2 2 4 4 1 3 2 3 5 5 5 2 2 5 5 4 2 4 2 1 2 4 1 5 3 4 1 3 3 1 4 1 5 4 1 5 3 3 3 3 4 4 4 5 5 1 1 1 1 2 1 2 2 3 4 5 1 1 2 5 2 2 3 1 2 3 2 4 5 4 3 3 2 2 5 1 4 5 3 4 3 4 5 5 1 5 1 4 1 2 3 2 3 2 4 1 5 5 4 1 1 4 1 2 5 5 5 3 1 2 3 5 2 2 1 3 2 1 1 4 2 5 5 1 2 5 3 3 4 4 3 1 2 3 5 3 4 1 5 1 2 4 1 1 2 1 3 3 4 5 3 2 1 2 
100
4 3 2 1 4 5 1 4 1 3 3 3 4 3 4 4 2 2 4 2 4 2 1 3 5 2 1 3 4 4 2 5 4 4 2 2 5 2 2 1 2 5 5 5 4 1 3 2 2 4 5 2 2 2 2 3 5 4 5 4 2 2 3 2 2 4 3 1 3 5 3 4 1 3 5 1 3 2 5 1 2 4 3 3 3 1 5 2 4 5 5 2 3 4 4 4 3 3 4 2 
647
2 5 4 1 4 2 3 2 1 3 1 4 2 3 1 2 3 5 2 4 4 4 1 3 2 4 2 4 2 5 3 5 4 3 5 4 4 4 2 4 4 2 5 5 2 2 4 4 1 5 2 5 5 2 4 1 2 2 2 5 1 4 5 1 1 1 1 2 5 2 5 3 1 4 4 2 1 2 2 1 4 5 2 3 1 2 1 4 3 2 3 3 2 2 5 4 3 5 5 2 4 2 1 4 5 4 2 2 1 3 5 1 2 1 5 4 5 5 2 2 3 1 2 1 3 1 2 2 3 1 5 1 2 5 1 4 3 2 2 5 1 1 2 4 4 2 2 3 3 5 4 1 5 2 3 4 3 4 2 2 2 3 2 3 2 2 3 2 5 5 3 5 5 5 3 3 3 1 2 5 2 1 2 3 2 5 2 1 3 5 2 4 3 5 4 1 3 1 4 2 2 4 1 4 3 5 1 5 2 3 1 3 5 3 1 3 2 4 1 1 5 4 2 2 1 5 5 3 2 5 5 4 3 2 2 2 2 4 3 5 3 4 3 4 3 5 4 4 3 4 1 2 4 2 1 4 1 2 2 5 1 3 3 1 4 1 2 2 1 5 2 1 5 1 4 2 5 2 2 2 2 2 5 3 4 5 1 1 3 4 5 1 1 4 1 5 4 2 1 2 3 4 2 2 4 5 5 3 4 1 1 5 3 1 2 1 2 5 3 5 3 3 5 4 1 2 5 2 3 2 3 3 1 4 1 1 5 1 4 3 1 1 5 3 1 3 5 5 4 3 1 2 2 2 2 4 3 3 5 2 4 4 4 1 2 5 2 4 5 2 1 2 2 2 5 5 2 1 4 5 5 4 3 1 5 1 2 4 3 1 5 2 5 4 2 3 5 3 1 1 1 4 2 3 2 3 2 3 4 2 3 5 5 2 3 1 3 4 4 5 4 5 1 5 5 5 3 4 4 5 4 5 3 3 4 5 5 2 4 5 3 3 5 2 5 4 4 2 2 4 3 2 3 1 2 3 5 1 1 5 5 2 4 5 4 4 1 5 5 4 5 2 2 4 5 3 4 3 1 5 3 3 1 1 3 4 3 4 1 5 4 3 3 4 2 3 3 2 3 2 2 2 1 3 2 5 2 5 5 2 1 2 5 3 2 4 2 1 5 4 3 5 1 5 5 2 3 2 5 2 1 4 3 3 1 1 2 5 2 3 1 2 5 2 4 3 3 2 4 2 1 1 3 1 2 2 5 1 1 1 2 3 4 4 5 2 1 3 1 2 1 3 3 2 5 4 4 2 5 4 5 2 1 2 5 3 3 1 3 3 3 2 5 2 5 1 5 3 4 2 4 1 4 4 2 5 4 2 1 5 1 2 2 1 3 3 5 1 3 5 5 5 1 2 3 2 2 4 4 5 5 5 2 1 5 3 2 3 5 3 4 2 1 2 2 4 4 
14
1 1 3 5 1 3 1 5 1 5 4 5 1 3 
481
3 5 5 5 2 4 1 1 4 2 1 1 1 1 4 4 1 5 1 3 2 5 3 3 5 4 1 1 5 1 3 2 5 4 1 3 4 4 3 3 5 1 3 5 1 3 3 4 2 5 1 5 1 5 3 3 4 5 3 3 5 3 4 2 1 1 4 5 1 4 2 1 4 1 2 1 3 5 4 2 1 1 3 2 3 5 1 1 5 5 5 1 2 5 2 3 2 1 2 3 4 5 3 4 5 4 1 2 5 2 5 3 2 3 1 4 2 1 1 3 5 5 4 2 4 2 4 1 2 2 3 2 1 2 5 5 2 1 3 2 2 5 4 5 2 4 4 5 1 4 3 5 1 3 1 4 4 1 1 3 2 5 4 4 1 1 3 3 1 3 1 4 2 1 3 3 1 3 4 1 4 3 5 4 2 3 4 1 3 5 5 2 1 3 5 4 3 5 3 5 4 3 5 5 3 5 4 5 2 4 5 5 2 1 5 3 3 4 5 3 5 4 4 2 4 5 5 3 4 2 5 2 1 4 3 5 3 3 4 2 2 3 3 3 4 3 2 3 3 2 5 4 5 5 5 5 5 5 3 3 3 2 2 4 5 4 3 5 4 2 1 2 1 5 1 4 4 2 4 1 3 3 1 5 3 1 4 2 2 3 1 4 4 4 2 4 3 2 5 3 3 2 4 3 1 4 4 5 2 2 2 2 1 3 1 5 5 1 3 1 4 4 4 2 2 3 2 1 4 3 5 3 4 3 2 2 3 2 3 2 3 4 3 1 3 5 5 2 2 3 4 5 1 5 4 4 2 2 2 2 5 1 1 5 1 2 1 5 4 3 1 3 4 5 3 3 4 3 5 1 2 5 2 2 4 2 2 2 4 5 3 5 1 3 1 3 2 4 2 5 1 5 4 1 4 2 4 5 1 5 5 2 4 3 5 3 5 3 4 5 3 4 1 3 3 1 5 4 4 3 5 2 4 4 2 3 2 2 2 2 1 3 5 5 5 4 4 1 1 2 5 3 2 5 2 5 3 3 3 1 3 5 4 1 3 1 5 1 4 3 2 5 5 3 1 2 1 4 4 3 5 
44
3 4 5 1 3 2 4 2 5 3 1 3 3 5 5 3 5 4 5 3 5 2 5 5 5 2 3 3 5 4 3 4 2 5 4 4 3 4 3 2 1 5 2 4 
785
3 3 1 1 4 4 2 2 5 1 1 2 5 1 3 4 5 1 2 4 1 3 2 5 5 5 5 4 3 5 5 1 2 1 3 1 1 5 2 5 2 5 3 2 2 5 5 1 2 3 2 5 5 5 4 4 1 3 5 4 3 4 4 1 1 3 3 1 2 5 3 4 1 5 2 2 2 3 4 5 5 5 4 5 4 4 5 5 2 4 3 1 3 3 3 3 5 1 1 4 2 3 4 2 4 5 5 2 4 3 4 3 3 2 4 3 1 4 2 4 2 1 1 1 5 5 1 2 5 1 2 1 5 5 4 5 1 3 2 4 3 5 3 5 3 2 4 5 2 3 5 5 5 2 1 5 2 3 3 1 3 4 4 4 3 4 3 5 2 4 5 1 5 2 2 5 5 5 1 3 2 1 3 2 4 5 3 5 2 5 3 1 3 3 4 2 1 1 1 4 5 5 4 1 3 5 5 5 5 3 2 3 3 1 1 3 5 3 3 3 2 2 3 1 4 1 2 4 2 2 3 3 3 3 3 3 3 5 2 4 2 5 3 1 3 4 3 4 1 2 2 5 3 4 5 3 2 2 4 3 5 3 2 3 5 1 5 4 5 3 2 3 4 5 5 1 3 5 2 5 3 3 4 3 3 4 5 4 5 3 3 1 5 4 3 2 5 4 5 1 3 4 1 2 5 2 4 4 1 5 3 1 4 2 3 4 2 4 2 3 4 2 3 5 5 1 1 1 1 3 2 1 1 4 4 5 5 2 3 3 4 2 3 4 3 2 2 1 2 1 3 5 2 1 5 3 3 2 4 5 4 5 5 4 5 3 5 4 2 4 3 5 1 5 5 5 3 2 1 5 4 3 4 5 5 5 2 2 2 5 2 2 1 3 3 5 1 2 1 2 1 3 3 1 5 2 5 2 5 2 3 3 5 4 2 4 3 1 3 1 2 1 5 3 3 2 4 5 5 4 1 5 4 3 2 3 2 4 1 3 5 4 1 1 2 4 5 1 1 4 4 3 1 3 5 3 4 5 3 3 1 5 5 4 5 3 3 3 1 5 5 3 5 5 3 3 1 4 4 1 2 2 3 4 1 4 2 1 1 1 5 1 2 4 1 1 4 3 5 1 4 5 3 4 1 1 1 1 4 1 4 3 4 1 1 4 2 4 4 2 1 4 2 5 4 4 2 4 3 2 5 1 1 2 4 1 4 2 2 5 2 5 2 1 2 4 4 3 5 5 1 2 5 4 1 5 2 3 4 4 4 3 5 1 1 5 1 5 1 4 4 3 5 2 3 4 2 3 3 1 2 4 5 1 2 2 1 1 4 1 4 4 3 5 1 3 5 2 4 2 2 2 4 2 3 3 2 2 3 4 4 4 2 3 2 1 5 4 1 5 1 1 1 3 3 1 2 4 4 3 5 1 4 1 4 4 5 5 5 2 3 3 3 2 3 1 4 4 1 1 3 1 1 5 5 3 1 3 3 4 5 3 1 4 3 4 4 4 5 5 1 3 2 3 1 1 5 4 4 5 4 2 5 1 3 4 1 3 1 3 4 1 5 1 1 4 5 1 3 4 5 5 3 3 2 5 4 1 3 2 5 1 5 1 4 3 4 4 2 1 1 2 3 3 3 5 1 4 5 5 4 1 4 2 4 2 3 4 2 1 5 3 3 2 5 1 1 5 4 4 3 2 1 5 4 5 2 1 3 3 1 1 4 4 4 4 1 2 2 4 2 3 4 1 4 5 2 1 5 2 5 2 3 2 3 
76
1 4 2 3 2 4 5 2 2 4 2 4 5 3 5 3 2 5 5 3 4 1 3 3 3 4 4 2 5 4 3 5 2 1 4 5 4 4 3 2 2 4 3 3 3 2 2 5 1 1 2 4 4 4 4 3 3 4 4 4 2 1 4 1 3 2 5 3 5 5 5 3 3 4 5 3 
935
3 2 2 4 3 2 4 3 5 1 2 1 4 1 2 2 4 2 4 2 4 4 4 3 3 1 2 3 3 4 2 5 2 5 5 4 3 3 4 3 3 5 5 4 5 3 5 5 2 5 2 5 3 2 4 2 2 2 4 4 3 2 1 4 1 5 5 4 5 3 3 4 2 2 2 4 1 1 3 2 1 1 1 3 2 1 2 1 3 5 4 2 2 1 5 4 1 4 4 2 3 1 5 5 4 2 5 5 2 4 1 4 5 4 4 3 1 5 3 5 4 4 1 2 4 3 1 1 1 4 2 4 2 4 5 2 5 4 3 1 4 4 2 3 4 5 3 4 4 2 1 4 2 1 1 3 3 3 5 1 3 4 1 1 2 2 3 1 2 5 3 5 5 4 5 5 3 2 1 3 5 1 2 2 1 4 4 1 3 3 1 2 3 1 3 4 2 2 4 5 3 2 4 5 2 3 4 2 4 4 4 4 4 2 2 2 2 2 2 1 1 4 3 4 1 2 2 4 5 1 3 2 4 1 1 5 4 5 3 4 5 2 4 1 5 5 2 2 1 5 2 2 5 1 5 5 4 3 3 3 3 5 2 3 2 2 5 5 3 2 1 3 5 4 5 5 1 1 1 1 2 4 4 1 2 5 2 2 3 4 5 2 5 1 5 3 4 4 5 2 2 5 1 2 3 5 1 3 2 3 1 5 3 4 2 4 4 3 1 3 1 2 4 2 4 3 4 2 3 3 5 5 4 5 3 2 1 3 1 4 2 3 3 4 4 4 5 4 3 2 1 3 3 4 1 1 2 2 4 1 4 4 5 3 5 4 1 3 1 3 1 2 3 1 3 1 1 2 4 4 3 4 3 2 2 1 4 5 2 2 1 2 2 2 1 4 1 3 1 3 1 3 2 5 5 4 5 1 5 5 1 4 3 5 5 1 5 5 3 1 3 5 5 2 3 5 5 5 3 2 3 5 4 4 4 1 2 3 3 3 4 3 3 1 2 4 3 4 3 2 1 2 3 5 3 1 5 2 5 2 5 2 3 1 2 1 1 5 5 3 4 3 2 1 5 5 4 4 3 3 1 4 5 3 3 2 3 4 1 5 2 2 1 4 2 5 4 2 4 3 1 3 5 2 5 4 2 4 5 4 3 5 4 4 4 4 1 2 2 3 3 4 4 3 4 1 4 3 4 3 2 2 2 4 3 1 4 1 1 3 2 4 4 5 2 3 5 4 1 2 3 3 2 4 2 5 1 1 4 4 3 3 5 1 3 5 1 1 5 2 1 3 2 4 5 5 1 4 1 1 2 3 3 3 1 5 5 1 5 5 2 4 4 3 4 1 4 1 2 1 4 2 3 5 5 2 2 3 3 2 3 4 1 3 4 4 4 3 4 5 4 2 5 3 2 3 3 2 5 1 2 4 4 2 5 1 5 1 3 2 4 2 1 5 1 4 3 4 3 3 3 3 2 2 5 5 1 5 1 1 5 5 1 4 1 5 4 2 3 3 4 1 4 1 2 5 1 1 5 5 4 5 2 2 1 4 1 4 3 1 1 4 5 1 4 2 5 4 4 4 3 4 5 2 1 3 3 3 4 4 2 2 3 5 3 1 5 5 4 4 5 4 5 2 4 3 5 5 4 3 4 1 3 5 4 5 2 3 2 5 2 5 3 4 5 2 4 1 1 4 5 3 2 4 4 2 3 5 2 1 5 2 2 2 1 5 2 2 3 3 4 4 5 1 4 1 3 5 1 5 3 2 2 2 5 2 3 3 2 1 5 1 2 1 4 2 3 5 1 5 5 4 5 4 1 5 4 5 4 4 5 2 1 1 5 2 5 2 1 1 3 1 3 1 3 1 5 5 1 5 1 2 5 2 5 5 2 5 5 5 5 1 3 2 3 2 4 2 1 1 2 5 3 4 5 1 2 4 2 2 5 3 3 4 4 4 1 2 3 5 2 4 2 1 1 4 5 1 1 5 1 4 4 4 5 5 1 1 4 2 4 5 4 3 4 5 1 4 1 5 5 4 5 1 5 5 4 1 5 1 5 3 2 5 1 1 4 3 3 4 4 1 4 5 5 4 4 2 2 1 1 3 2 2 3 
186
2 3 3 3 1 2 5 2 3 2 4 1 1 1 2 5 3 2 4 2 5 4 3 3 4 5 5 5 1 4 2 4 1 4 2 3 2 3 4 4 2 4 2 2 4 3 3 3 4 1 4 5 4 1 2 5 2 1 4 3 4 3 1 1 1 4 4 5 4 4 3 2 5 1 3 3 3 1 3 3 3 1 2 2 4 3 1 5 5 1 4 3 3 2 1 1 2 1 2 5 1 4 1 5 5 1 3 4 3 5 4 2 2 5 3 5 5 5 2 4 3 2 2 2 3 2 2 5 4 3 1 4 4 4 4 5 1 3 5 5 4 3 1 5 3 1 2 4 5 5 2 4 1 3 1 1 1 4 2 4 4 2 3 4 2 3 3 2 5 4 3 3 2 4 2 1 4 5 4 5 4 5 4 2 5 4 
402
2 2 3 3 2 1 5 5 5 4 2 3 3 3 1 5 4 4 3 4 2 5 4 1 3 3 1 1 4 4 2 1 3 1 3 4 4 4 4 3 2 2 5 1 4 2 5 4 5 4 4 3 3 2 1 3 2 1 3 2 2 5 2 4 2 1 4 5 4 4 4 2 1 4 2 1 2 3 2 2 2 5 1 4 4 1 1 5 2 4 1 5 5 5 3 1 5 3 1 1 2 1 2 4 4 1 1 1 3 2 4 4 2 4 5 5 2 2 1 5 5 3 4 1 4 3 2 4 5 4 1 1 4 4 1 5 4 2 2 2 3 2 2 1 2 1 5 3 5 2 2 4 2 5 2 5 4 5 5 4 5 5 1 5 4 2 4 2 5 2 5 2 3 4 5 5 1 4 4 5 3 1 1 4 2 2 3 1 1 3 1 5 4 1 4 2 4 5 1 3 1 2 2 1 5 1 2 1 1 5 2 5 2 2 3 4 3 3 1 5 5 1 4 3 1 5 2 2 1 4 1 3 5 2 3 5 4 1 2 2 3 3 1 4 2 1 4 4 3 4 4 4 4 4 3 2 5 4 5 5 2 5 3 4 4 2 5 2 3 3 5 5 5 1 5 1 1 4 2 5 2 2 3 3 2 5 4 2 1 3 3 4 4 2 4 2 4 3 1 3 5 5 4 2 2 3 4 2 1 5 3 3 3 5 5 5 2 5 3 4 4 2 4 4 4 3 1 2 5 1 4 2 2 2 3 4 1 1 2 2 1 5 1 5 4 5 4 2 1 3 2 1 5 1 4 3 3 1 1 4 1 1 5 3 4 2 1 4 5 2 5 2 3 5 1 2 1 2 5 3 4 2 3 5 4 4 2 1 4 2 1 2 2 3 1 5 4 3 4 3 4 5 
306
4 5 2 5 2 3 1 5 3 4 4 3 2 2 1 4 3 3 5 4 1 2 4 3 2 1 3 2 1 4 2 4 3 5 5 2 2 3 1 5 1 4 4 3 3 4 1 5 3 2 5 4 3 3 3 2 5 2 5 5 5 1 1 5 1 2 1 4 4 1 5 5 1 3 2 5 2 4 4 4 1 3 4 5 2 3 1 1 4 5 3 1 3 3 5 5 4 2 3 5 2 3 4 4 2 2 4 5 5 4 1 5 4 1 5 5 4 2 3 4 4 2 4 1 1 5 5 1 1 4 5 4 3 3 5 5 4 5 4 4 3 4 5 3 5 4 5 5 3 2 5 1 5 1 1 5 5 2 5 3 5 5 3 3 4 2 4 3 1 4 3 4 3 2 3 4 3 2 5 5 5 4 5 4 4 2 3 4 5 3 3 4 4 5 3 2 2 3 1 2 2 3 2 1 2 2 4 4 3 3 5 3 1 4 1 2 2 4 5 1 3 4 1 3 3 1 4 1 5 2 3 1 4 1 1 5 2 1 5 2 3 4 4 1 4 1 2 5 4 3 2 3 1 5 2 5 2 3 1 1 4 5 2 2 2 4 4 1 5 3 2 2 2 5 4 5 5 2 2 1 4 5 5 1 4 2 1 5 4 1 1 2 5 4 5 1 2 3 1 1 1 4 5 4 3 5 
933
5 2 1 2 5 1 3 1 4 1 3 1 4 3 3 2 4 1 4 1 4 1 4 2 3 2 1 3 2 2 3 1 3 3 4 5 3 1 5 4 4 4 1 4 3 3 1 1 5 1 1 3 3 4 1 1 3 1 5 4 3 2 1 2 5 4 1 4 1 2 4 4 5 4 5 2 1 2 4 2 2 5 5 4 5 5 1 2 3 1 5 2 2 5 5 1 5 1 2 3 2 5 3 4 4 2 5 1 3 4 3 4 5 4 5 1 5 5 3 4 5 4 5 4 1 2 1 2 2 2 4 5 2 4 3 2 2 5 2 5 5 4 5 1 2 1 1 2 1 3 5 2 4 2 5 4 5 3 2 1 4 1 2 2 1 2 3 2 1 2 3 2 5 3 2 4 5 2 2 5 2 3 4 2 1 5 5 5 2 1 2 1 3 4 4 5 5 2 2 2 5 4 3 4 3 4 4 3 2 5 4 5 5 2 1 5 2 2 5 5 5 3 5 4 1 4 4 2 2 5 3 1 5 2 1 5 2 5 4 1 1 4 5 5 3 1 2 1 2 3 5 1 5 2 5 1 2 5 4 5 1 4 5 5 5 2 1 2 3 1 2 1 2 3 5 4 3 1 4 2 5 5 2 5 1 3 2 4 2 5 3 2 3 4 4 5 1 1 3 5 4 1 5 5 3 5 3 1 2 3 2 2 4 5 3 5 5 4 3 3 3 3 2 3 1 2 2 1 4 4 3 2 4 2 1 3 3 5 3 2 4 1 5 3 3 2 4 4 5 1 1 4 5 4 3 1 5 1 3 1 1 5 2 4 2 5 2 4 4 1 2 5 4 1 2 1 2 5 1 3 2 1 4 2 2 1 2 3 2 4 3 2 1 5 3 2 1 1 2 4 3 4 5 1 1 1 3 3 5 3 2 4 1 5 5 2 3 3 4 1 3 4 2 3 3 1 1 3 3 3 3 1 3 3 1 3 5 1 2 2 3 4 5 5 5 1 1 2 3 2 2 5 5 1 3 4 3 3 3 1 2 2 3 4 4 3 4 1 5 5 2 3 5 1 4 2 1 2 5 5 3 4 4 4 4 1 4 3 1 1 5 2 2 2 3 3 2 1 3 1 2 4 5 4 1 4 5 3 5 1 2 4 4 2 2 4 5 5 2 5 2 1 3 3 3 5 5 4 2 4 1 1 4 1 4 1 4 5 3 5 5 1 3 4 5 1 4 4 2 5 5 3 3 2 5 2 4 2 2 5 5 2 5 1 2 5 1 2 1 1 1 3 3 5 3 2 5 1 2 1 1 1 3 5 3 5 1 3 1 2 2 2 3 4 2 2 5 3 5 1 3 1 5 2 2 2 4 2 2 5 2 4 1 2 5 5 1 5 2 3 3 5 1 3 5 3 4 5 2 5 2 1 2 1 2 4 2 2 5 5 2 3 1 4 4 5 5 1 5 3 3 4 2 1 1 2 3 1 1 1 1 4 1 2 4 4 5 2 1 4 3 4 4 3 2 2 3 3 5 4 5 4 2 1 4 5 4 1 5 1 3 5 4 3 4 2 4 3 5 4 4 3 2 2 5 5 5 4 2 4 4 1 3 3 3 1 2 2 4 1 2 1 3 1 1 1 4 4 3 1 4 3 3 5 4 4 4 4 5 2 2 3 2 1 5 4 2 1 2 5 2 4 2 1 1 2 1 4 5 5 4 3 3 3 4 3 2 4 3 1 5 2 5 3 2 5 4 3 5 5 4 3 5 1 3 5 2 5 4 4 5 4 3 4 2 2 1 5 2 4 2 4 5 1 1 3 5 1 1 2 1 1 1 5 1 4 5 3 5 5 3 4 5 5 4 1 3 5 2 5 5 3 3 1 4 5 3 3 1 5 1 3 1 2 4 1 2 5 5 1 4 2 2 1 4 5 1 1 4 3 2 5 2 4 5 5 1 5 5 1 4 5 5 4 3 3 5 4 3 1 5 3 3 3 3 3 2 1 3 3 5 5 2 1 5 4 3 2 3 2 2 1 3 3 2 3 1 3 1 5 3 2 2 2 4 2 4 3 2 4 5 3 3 3 3 4 3 2 1 5 5 4 3 
313
2 4 2 4 3 2 3 5 1 1 4 1 4 2 3 2 5 4 4 4 4 4 5 1 5 5 3 5 5 5 4 3 5 5 1 2 3 5 3 3 3 1 4 1 5 3 3 1 2 3 2 5 1 1 2 3 2 4 2 1 3 2 4 4 1 1 2 3 1 5 3 5 2 1 5 3 5 4 4 3 4 5 2 1 2 4 3 3 4 1 3 2 2 3 2 4 4 4 2 1 5 1 5 3 3 1 1 2 2 1 5 5 2 3 5 3 3 5 5 2 5 4 5 4 2 1 2 2 1 5 4 2 5 5 5 2 2 2 4 3 4 5 4 5 2 1 2 5 2 3 3 1 1 2 4 4 4 3 2 5 2 5 1 2 4 2 3 1 5 3 5 3 2 1 2 4 1 5 5 2 2 2 4 5 5 5 5 3 2 2 4 5 3 2 1 2 3 1 4 3 5 5 2 2 5 4 2 2 5 3 5 4 1 1 5 5 2 4 2 3 5 3 4 3 4 5 1 1 2 1 5 1 2 2 4 4 2 2 2 1 4 2 1 4 4 5 3 5 4 2 4 5 4 2 4 2 3 4 4 4 1 1 2 5 2 2 3 3 4 4 5 2 2 1 3 5 5 5 1 5 3 4 5 3 3 3 1 5 4 5 1 1 2 4 5 3 5 2 2 3 1 3 2 4 3 4 4 5 5 1 4 5 5 
25
2 2 3 3 3 3 4 3 3 5 3 3 4 3 1 2 2 3 4 3 2 4 1 2 3 
413
2 3 2 3 3 5 1 5 4 4 4 2 3 1 3 1 5 3 5 1 4 1 5 3 4 1 1 1 4 5 5 1 2 1 3 4 1 4 5 1 4 3 3 1 1 2 3 5 5 2 2 5 3 2 2 3 4 4 5 3 3 5 3 5 2 2 5 4 2 5 5 2 4 4 3 4 5 2 1 1 4 2 1 3 3 4 5 4 5 1 1 2 5 5 3 4 3 5 2 2 1 1 3 4 1 5 5 3 4 5 3 2 1 5 1 1 1 2 4 5 2 1 3 4 5 3 2 4 2 5 5 2 3 3 2 3 4 1 5 2 5 3 5 1 4 5 3 4 1 3 5 5 3 5 3 4 2 1 4 5 5 4 1 2 3 4 5 1 5 4 5 1 3 1 3 4 1 5 4 3 2 4 2 1 5 1 1 1 1 5 5 1 3 2 4 5 5 3 2 1 4 3 2 3 4 4 3 1 4 2 5 2 2 4 5 1 4 5 1 2 4 2 4 3 3 2 2 4 2 1 5 2 5 1 1 5 4 4 2 2 2 2 1 5 2 5 5 5 4 2 3 3 3 3 5 2 2 4 5 5 1 4 3 2 4 3 2 3 3 3 1 4 1 3 3 2 2 4 4 3 5 1 2 4 1 3 2 2 3 4 1 3 2 3 2 3 2 3 2 5 2 4 5 3 2 5 1 3 3 4 2 5 2 3 5 2 1 2 3 3 5 5 3 3 4 4 5 5 3 3 4 4 2 1 3 3 5 4 2 2 2 1 1 3 3 1 1 3 4 3 1 5 4 5 4 2 3 4 2 5 3 2 3 4 2 3 3 1 1 2 3 2 2 5 2 4 2 2 4 2 2 1 1 2 5 5 4 2 5 2 3 4 3 2 5 2 4 2 2 1 5 1 5 3 3 1 4 4 4 2 3 2 4 
265
4 3 4 4 1 5 5 5 4 2 1 3 3 2 1 2 2 3 4 1 5 1 3 5 2 2 1 4 5 1 3 3 3 4 3 5 5 2 1 5 1 2 2 5 3 5 1 1 4 5 2 3 2 4 3 3 2 5 1 2 1 1 1 5 1 4 2 5 2 2 5 2 5 3 4 4 2 4 5 2 5 1 5 4 1 4 1 3 5 4 4 2 4 1 4 4 4 2 5 3 5 4 4 5 2 2 3 5 3 4 2 4 1 3 2 2 3 5 1 4 3 1 3 3 1 1 3 2 4 2 4 3 3 4 4 4 3 2 5 5 2 3 5 3 2 2 1 4 1 1 5 5 1 2 2 3 4 1 4 2 2 4 4 4 3 5 4 5 1 1 1 4 3 5 3 5 3 3 5 5 3 4 4 5 2 2 3 5 2 3 1 1 4 2 1 1 1 2 2 3 2 2 3 4 3 1 5 1 3 5 2 3 5 3 4 2 1 3 3 3 1 1 5 1 2 5 1 4 1 2 3 4 5 5 3 2 2 4 4 5 5 1 4 5 5 2 3 5 5 5 4 2 5 5 2 3 5 4 3 2 2 5 3 1 2 
182
4 3 5 3 4 5 5 4 1 1 1 3 5 2 2 4 5 4 3 3 1 4 3 4 3 4 5 5 1 3 1 4 3 2 3 3 1 2 2 1 2 4 5 4 2 2 4 1 2 3 5 2 4 4 2 3 2 4 2 2 1 4 2 3 2 5 1 3 3 2 5 2 2 5 5 3 3 5 5 4 2 4 2 5 2 1 2 5 4 5 3 4 5 4 4 2 5 1 1 5 2 2 1 5 1 2 2 5 3 1 5 4 1 4 1 2 4 4 3 4 1 5 2 2 5 2 5 2 2 5 1 5 4 3 4 1 1 5 1 3 5 2 3 5 5 3 3 5 4 5 3 1 1 2 2 3 5 2 4 2 3 1 1 1 3 5 2 3 1 4 2 3 5 4 2 2 4 2 1 2 3 1 
249
4 4 5 1 3 3 1 4 1 1 2 3 3 3 4 2 5 4 3 2 4 3 1 2 1 2 4 4 4 4 2 4 4 2 1 2 1 3 2 1 3 5 1 2 2 1 5 2 5 4 3 5 2 5 1 2 1 4 3 2 5 4 2 3 2 5 1 3 2 3 5 5 4 5 3 1 1 3 4 2 1 3 1 2 3 3 1 3 1 3 1 2 1 3 2 5 4 2 2 5 1 1 4 2 3 4 2 3 1 2 4 3 4 1 2 1 3 2 1 5 1 3 4 3 2 5 2 5 3 3 5 1 1 5 2 3 3 5 2 5 1 5 3 4 2 4 2 4 5 4 5 2 1 3 4 3 2 1 4 2 5 3 4 5 5 5 4 2 1 5 2 1 1 1 1 2 4 4 2 5 2 2 1 5 4 4 4 3 1 2 1 1 2 4 2 1 5 1 4 5 5 5 5 3 2 2 4 5 1 3 1 4 4 1 3 4 2 3 3 4 5 3 4 3 1 3 3 5 5 1 4 1 3 5 3 4 4 4 1 1 1 1 4 1 4 4 4 2 1 
887
5 2 4 1 4 2 3 3 1 2 4 2 2 3 3 2 1 1 5 1 1 5 4 2 5 2 5 5 3 2 1 4 1 2 4 1 3 3 4 5 4 4 3 3 1 1 4 1 1 5 4 4 4 4 5 5 2 4 1 1 2 4 4 2 5 3 3 4 5 1 5 1 4 3 5 1 3 5 3 5 4 3 3 4 1 2 5 2 2 5 2 4 3 3 5 4 5 4 2 1 1 2 3 1 1 2 1 3 1 4 2 1 1 5 4 2 3 3 5 5 5 4 3 2 1 4 3 2 5 4 2 5 2 2 3 2 5 3 1 3 1 5 3 4 1 4 2 3 3 1 2 2 4 1 1 1 2 3 2 3 3 1 4 2 2 1 5 1 4 1 3 1 5 3 4 5 1 5 4 3 3 3 2 3 5 2 4 3 4 5 5 1 2 4 2 3 1 2 1 1 4 5 2 5 4 2 1 4 4 4 4 1 1 5 3 1 1 3 5 1 3 5 1 1 5 5 1 5 3 1 1 3 2 4 2 1 5 2 1 3 2 4 5 3 3 3 5 5 5 4 5 4 5 1 2 4 2 2 1 1 4 3 3 5 1 1 2 2 2 3 2 5 3 1 4 1 5 3 5 2 4 5 2 3 2 3 4 5 4 1 5 4 3 4 1 5 4 2 1 2 1 4 1 4 5 5 1 1 4 2 4 4 3 1 2 4 5 2 5 1 2 1 4 1 4 4 5 4 3 2 5 5 1 3 3 2 4 5 4 4 2 3 3 4 5 1 5 1 2 4 1 5 2 2 5 5 2 1 4 1 2 5 1 2 4 5 5 2 5 4 1 3 3 3 3 2 5 2 4 1 3 5 2 4 3 1 5 1 1 5 2 4 5 4 3 5 3 2 4 4 2 4 1 1 3 4 2 2 2 3 4 4 4 5 4 1 2 4 3 4 5 4 4 4 2 1 1 2 5 4 5 3 4 1 4 3 1 2 1 2 4 4 3 2 5 1 4 3 1 2 1 1 5 4 1 4 2 1 2 1 4 1 3 2 3 3 4 5 5 4 2 3 4 4 5 5 1 3 2 4 1 2 4 1 3 1 1 4 2 4 1 2 1 5 1 4 3 1 5 2 2 1 1 2 1 5 2 2 5 3 2 5 2 5 2 4 2 4 4 3 4 1 2 5 5 4 5 2 4 4 5 5 2 1 2 2 2 3 5 3 2 1 5 3 2 3 3 4 4 3 3 2 3 4 1 3 2 5 1 3 4 3 2 5 3 5 3 1 4 3 1 3 5 5 2 2 4 5 5 2 4 2 4 2 3 4 1 1 1 1 3 1 5 2 2 4 3 4 5 4 3 2 1 3 1 2 4 4 3 5 3 2 3 1 3 5 1 5 3 3 5 2 3 2 5 4 5 3 5 4 3 2 5 3 4 2 1 4 3 4 3 5 5 1 2 4 2 4 3 4 2 4 1 1 5 5 2 5 4 1 5 1 2 2 5 1 5 1 4 2 4 4 3 5 4 1 5 5 2 4 4 5 4 1 5 1 2 1 5 3 1 1 3 5 2 3 2 4 5 2 5 5 5 5 1 3 5 5 3 3 5 3 2 3 5 2 3 1 4 4 3 2 2 3 1 5 2 2 3 1 3 3 5 3 4 5 2 5 1 1 3 5 3 4 4 4 2 2 2 1 2 1 2 3 3 4 3 1 5 5 1 4 4 2 3 2 3 5 2 3 5 4 4 5 4 5 3 1 1 4 1 4 5 4 2 4 2 1 5 1 5 2 1 4 4 4 2 1 3 3 1 2 3 1 1 2 5 4 2 2 4 4 3 3 2 4 4 3 4 3 5 5 4 5 5 2 3 2 5 2 1 2 4 4 4 1 2 1 1 5 4 5 3 1 4 1 4 2 5 4 1 1 4 5 5 3 3 5 4 4 1 2 2 1 5 1 2 3 3 4 2 1 3 1 2 4 3 5 2 2 1 3 2 1 4 3 3 
893
4 4 2 5 5 5 2 1 2 5 5 4 4 3 5 3 3 3 1 2 4 5 5 4 2 3 4 2 5 4 4 4 4 2 5 5 2 1 5 5 1 1 4 1 3 5 3 2 2 1 3 5 5 2 1 3 4 4 4 5 4 4 5 2 3 1 1 1 2 2 5 4 2 5 1 4 4 3 5 2 3 4 4 4 2 4 1 2 4 1 2 3 2 3 4 4 4 2 4 2 3 5 2 5 5 2 5 5 4 5 4 4 5 2 2 2 2 5 3 5 5 1 2 3 1 3 1 4 4 1 5 1 3 1 2 4 2 2 3 2 3 3 5 2 1 2 5 2 1 5 2 2 5 5 5 5 4 2 5 2 3 4 5 5 1 1 3 4 4 2 1 3 2 5 2 2 3 1 4 3 5 2 2 2 3 1 3 2 2 3 5 1 3 4 2 1 2 1 4 2 3 4 5 1 4 1 2 1 3 2 1 5 5 2 3 3 4 5 1 2 4 5 5 4 1 1 4 4 2 2 5 1 1 1 1 1 3 4 3 3 1 5 2 5 3 4 4 1 5 4 5 1 1 4 4 1 1 4 1 2 5 2 4 2 5 1 4 2 5 4 1 5 3 4 1 1 2 5 3 4 3 2 4 5 5 4 2 1 2 2 4 3 4 5 2 5 5 2 3 4 5 4 3 3 2 4 3 1 5 5 4 2 4 4 4 5 4 5 2 2 2 1 1 2 2 4 1 1 1 3 5 2 3 4 4 5 4 3 5 3 5 5 2 5 5 5 4 5 1 1 1 2 3 3 5 4 2 2 4 4 2 5 5 4 1 4 3 1 3 4 4 4 5 2 3 1 3 2 5 3 2 2 2 1 2 3 4 3 5 4 1 1 1 5 4 1 5 4 1 5 4 1 3 1 4 3 1 3 4 3 3 2 1 4 2 2 1 2 1 2 2 1 2 2 3 3 2 4 3 5 3 3 2 1 3 1 5 1 5 3 5 2 1 2 2 4 4 3 5 1 1 3 4 3 5 1 2 3 4 1 4 2 3 1 4 1 3 3 3 2 2 2 4 2 5 5 5 5 4 1 1 5 3 4 4 4 4 2 2 4 2 5 2 4 5 2 1 4 4 5 1 2 3 1 5 3 2 1 2 3 1 4 2 1 2 2 4 2 5 2 1 1 2 4 1 3 1 4 4 1 3 4 3 1 1 2 3 2 3 1 4 5 5 2 2 1 5 3 5 4 4 2 1 2 5 4 2 5 2 5 1 1 5 5 1 2 3 5 5 2 1 4 4 2 2 5 2 4 4 3 4 5 4 2 3 1 5 4 5 3 5 2 3 1 3 4 4 1 5 4 2 5 4 5 1 2 2 5 5 2 4 1 1 3 2 4 3 3 4 4 5 1 1 4 3 5 2 2 5 4 5 4 3 3 3 1 4 1 2 1 3 5 1 3 4 4 3 3 1 2 2 2 4 4 5 1 3 4 2 3 2 1 1 1 5 5 1 1 3 4 3 5 4 3 4 4 1 4 2 3 5 3 4 3 3 3 3 5 1 2 4 2 4 1 3 1 3 5 1 5 4 3 1 4 2 1 4 4 4 5 3 5 4 1 4 1 5 4 3 3 5 3 4 3 1 3 3 3 5 5 4 5 4 1 5 2 3 3 5 2 3 2 1 1 4 2 4 4 5 1 3 4 5 3 3 5 1 3 4 2 4 4 1 3 4 2 4 2 4 1 5 1 4 2 4 5 3 2 5 2 4 2 2 5 4 2 5 1 4 5 2 2 4 4 1 4 5 2 2 4 2 1 1 2 5 1 1 2 2 5 1 2 3 4 4 2 5 3 2 5 4 1 4 2 1 4 3 1 5 4 1 3 2 1 5 1 4 2 4 5 4 1 4 1 5 2 2 1 1 1 1 1 1 4 5 1 2 2 3 4 2 3 3 3 1 4 5 4 1 1 5 4 1 5 1 2 3 3 3 5 5 3 1 5 3 5 2 4 1 5 4 4 4 
312
2 1 5 3 1 2 3 3 5 1 2 3 2 2 2 1 1 1 3 3 2 5 2 3 1 4 4 1 3 5 2 1 2 2 5 3 3 3 5 5 5 3 4 3 4 5 4 2 5 1 4 1 3 3 5 5 1 4 5 3 5 2 5 1 5 5 3 4 4 4 5 3 2 3 5 2 2 3 5 1 1 4 3 5 1 3 4 3 1 3 3 2 1 2 2 2 1 2 1 1 5 2 3 3 5 5 2 3 4 1 1 4 1 3 5 3 5 3 1 2 3 3 3 3 1 2 5 4 3 2 4 4 3 4 4 4 3 5 2 3 2 4 4 3 1 3 2 1 1 2 4 5 1 2 2 2 5 3 2 2 1 5 2 4 5 5 4 4 1 2 2 3 5 5 2 1 2 3 3 4 2 1 3 2 4 2 5 3 1 1 1 2 3 3 2 2 2 5 1 3 4 2 2 3 1 3 5 4 5 2 3 3 5 2 5 3 5 1 1 1 2 3 2 4 5 3 2 2 4 2 1 4 3 2 4 5 1 3 4 2 2 3 5 3 1 1 5 1 1 2 1 4 5 4 2 1 3 4 4 3 2 4 2 5 2 5 1 4 4 1 1 5 5 5 4 1 5 4 3 2 2 5 1 3 3 4 4 5 2 2 4 1 3 5 2 1 1 2 5 5 3 5 1 4 1 5 1 2 5 3 3 3 
777
3 3 1 2 1 2 5 4 1 5 3 2 1 1 3 5 5 2 4 1 4 2 3 3 3 4 4 5 3 2 4 1 1 4 4 1 3 3 1 3 5 1 4 2 1 1 1 2 4 4 4 3 3 1 2 5 1 3 1 3 1 1 5 1 2 3 3 4 1 5 1 2 5 1 3 2 4 4 3 2 4 1 1 1 3 5 2 3 2 5 3 2 5 2 4 1 2 1 4 2 5 1 5 2 2 2 3 5 2 3 3 3 5 1 3 5 5 2 4 3 1 1 1 5 5 4 3 1 4 3 4 5 4 3 3 2 1 1 3 3 5 5 5 4 2 4 3 1 5 2 3 2 4 5 4 3 3 1 3 3 3 1 5 3 5 2 4 1 4 3 5 3 5 4 4 1 4 3 4 1 4 3 2 5 3 5 2 5 2 2 3 5 4 4 4 4 5 5 1 4 2 5 3 1 5 1 2 3 1 2 3 1 4 2 5 1 3 4 1 5 5 5 1 5 3 4 3 4 3 5 4 5 4 2 2 3 4 5 3 4 1 2 5 5 5 4 5 3 2 2 2 3 3 2 3 2 5 2 1 3 4 4 4 2 2 5 2 1 5 1 1 2 2 5 1 2 1 3 1 4 1 2 4 4 5 3 2 4 1 2 3 4 3 3 1 1 5 4 3 4 4 4 2 2 5 3 5 2 2 5 3 2 3 1 5 2 3 2 3 3 5 2 2 4 5 4 5 4 4 4 4 2 4 5 5 4 4 5 2 5 1 4 2 4 4 1 2 1 4 4 1 1 1 4 1 2 4 2 5 2 1 5 5 4 4 4 4 3 5 1 2 3 4 3 3 3 1 1 5 1 5 2 3 2 5 4 5 5 5 1 1 2 5 2 1 5 3 1 2 4 1 1 1 5 5 5 4 2 1 5 5 2 2 2 5 3 5 4 3 2 4 3 3 3 5 5 4 2 1 1 5 3 3 3 4 4 2 2 1 4 2 5 5 3 1 4 5 3 2 4 1 2 2 5 1 3 5 5 1 2 2 2 1 4 1 5 2 3 3 4 3 4 3 3 3 1 3 5 3 2 3 5 3 1 4 4 5 5 5 5 1 1 4 4 1 4 3 2 3 5 3 1 1 5 5 3 2 2 4 1 3 4 5 3 4 4 3 1 3 2 5 1 2 5 4 2 4 3 5 1 4 2 3 4 4 2 4 5 4 2 1 3 5 2 5 1 5 2 1 5 3 2 5 1 2 5 2 2 2 4 2 5 2 2 1 5 3 4 2 1 2 4 4 4 5 5 1 2 2 1 1 4 4 5 2 2 1 5 3 2 3 2 3 2 3 3 3 5 3 4 3 5 4 1 3 4 5 3 5 3 5 5 4 5 1 5 2 1 4 4 4 4 5 3 5 2 1 2 2 3 3 4 4 1 1 3 4 2 2 5 5 1 1 5 1 1 4 4 3 2 2 3 2 2 1 1 5 3 5 3 5 2 3 1 2 5 3 3 2 5 2 3 2 3 2 4 5 5 2 5 3 4 2 2 2 2 2 3 4 3 1 1 4 3 3 1 5 5 5 1 1 1 5 3 5 1 3 5 2 5 1 1 5 2 4 1 1 3 3 4 5 5 1 4 5 3 1 4 5 5 1 5 2 5 4 2 2 2 3 3 1 3 5 5 1 4 2 1 1 4 2 5 1 2 5 5 2 2 3 1 1 3 2 5 2 1 1 5 2 5 4 4 4 3 3 4 3 
536
5 5 4 3 2 1 4 1 5 2 5 4 2 5 1 4 1 4 1 3 5 2 2 3 5 2 1 4 1 5 4 2 5 4 4 1 5 4 3 1 1 2 5 4 4 2 4 4 3 4 4 2 2 2 5 1 4 2 1 1 1 4 2 2 5 2 2 4 2 2 1 4 5 5 3 3 4 1 4 3 2 2 4 3 3 5 1 3 1 1 3 4 2 1 5 1 2 4 1 1 5 1 4 4 3 1 4 3 4 2 5 2 5 5 4 4 5 4 2 2 2 1 5 3 2 2 5 5 5 5 5 1 2 4 4 4 1 4 3 1 2 2 2 1 4 1 2 3 1 5 1 2 5 3 1 1 4 5 3 5 1 2 5 3 2 5 3 3 1 1 5 2 4 2 3 2 4 1 1 1 5 2 5 4 4 5 2 4 2 4 5 2 5 1 4 4 2 2 1 2 4 2 4 2 3 3 4 1 3 4 4 2 2 3 2 2 2 3 5 3 1 1 2 3 1 5 1 3 3 3 4 1 4 2 3 2 4 3 4 1 3 2 4 5 4 1 1 3 3 3 2 1 3 3 3 4 5 3 1 2 2 4 5 5 3 2 3 1 1 4 4 3 2 4 2 3 4 3 5 4 5 3 4 4 3 3 2 2 2 2 5 3 3 4 4 5 2 4 2 2 2 2 5 3 1 3 5 1 2 1 1 3 4 4 2 1 3 3 4 4 2 3 3 1 4 2 2 5 5 3 2 3 2 3 5 4 2 2 4 4 2 5 3 2 5 4 4 3 4 2 3 2 2 1 2 5 4 3 4 3 2 2 2 3 1 1 1 3 4 2 3 1 3 5 4 2 4 3 1 4 1 1 5 2 3 1 3 1 5 4 5 1 5 1 4 3 1 4 5 2 5 2 4 4 1 2 1 1 1 3 1 2 5 5 5 2 2 5 2 1 3 1 2 4 1 2 1 4 5 5 5 2 3 5 5 1 1 2 3 4 2 4 2 1 5 3 3 4 2 1 1 1 2 2 5 4 3 5 2 5 2 3 3 1 2 4 3 5 3 1 3 4 1 4 1 2 1 5 5 5 1 1 5 2 4 1 5 4 3 4 5 4 3 4 1 2 2 4 3 1 1 5 1 1 5 2 4 2 1 4 1 1 1 3 4 4 3 1 4 5 1 3 5 5 1 1 1 5 1 3 5 1 4 1 3 5 
304
1 2 1 1 4 2 3 1 2 2 4 4 2 5 4 2 5 4 2 2 1 3 2 4 5 4 4 2 3 4 5 5 2 5 1 5 3 3 1 2 1 1 5 5 5 4 1 4 4 4 5 4 2 3 4 3 3 3 4 5 3 3 2 4 4 4 3 4 3 5 5 4 5 4 5 5 4 5 5 2 3 2 3 1 1 1 3 4 5 1 5 2 5 1 2 1 4 5 4 2 1 5 2 1 3 1 2 4 5 3 2 2 4 4 5 5 2 2 5 1 3 4 5 4 5 1 4 5 2 4 1 3 3 4 5 3 4 3 1 3 5 4 2 4 3 3 5 4 4 4 1 3 4 2 2 5 3 2 5 1 1 2 5 3 1 1 5 4 3 2 4 3 1 2 1 3 4 2 3 4 2 5 2 5 2 5 5 1 1 1 3 1 2 3 4 4 5 5 5 3 2 5 5 2 3 2 1 1 3 5 1 1 4 2 5 5 1 1 2 4 1 5 4 5 4 4 5 3 4 4 5 5 3 1 3 5 4 5 2 3 4 3 3 2 1 3 4 4 5 2 2 1 1 2 2 1 1 1 4 1 5 5 2 4 3 4 1 1 3 2 4 3 1 3 4 2 2 4 2 2 1 5 4 3 1 5 4 3 2 4 3 3 3 4 4 2 4 4 3 3 5 3 5 3 
575
1 1 2 1 2 5 1 1 3 1 3 4 4 1 2 2 3 5 1 4 5 3 4 3 2 2 4 1 3 1 5 3 1 3 4 2 4 1 4 1 1 4 1 1 4 3 4 3 4 5 3 3 4 2 2 2 3 5 2 2 1 3 5 1 1 5 5 1 2 5 2 5 3 4 5 3 3 1 1 3 2 3 5 5 1 1 1 5 3 4 2 3 1 3 3 3 2 4 4 3 4 2 4 3 5 4 1 3 4 3 5 5 2 2 1 3 4 3 2 1 1 3 5 1 5 5 4 3 3 4 3 3 5 1 1 4 1 3 3 1 5 5 5 1 3 2 5 1 1 2 4 1 1 5 4 3 4 4 2 2 2 4 1 1 2 1 1 2 5 4 3 4 3 4 2 5 3 1 2 3 4 2 4 2 2 4 1 2 4 2 3 5 3 4 2 4 1 2 2 1 5 4 1 4 5 2 5 2 5 4 4 3 2 4 1 5 4 1 2 2 5 1 1 2 1 4 2 4 1 3 4 2 4 1 3 3 3 2 1 4 2 1 1 4 5 4 5 5 4 1 2 3 4 4 1 4 3 2 2 3 2 2 1 5 5 3 2 2 5 2 5 3 4 2 3 3 2 3 5 3 5 1 2 3 4 3 4 3 1 2 2 2 1 3 1 5 5 4 3 1 2 4 4 1 2 1 5 4 3 4 1 3 4 2 2 5 1 2 2 2 1 4 3 1 1 1 5 2 4 4 3 1 2 1 1 3 1 5 3 1 4 3 5 4 2 3 3 2 5 2 3 5 2 3 5 4 3 1 5 1 1 2 3 2 4 3 1 5 5 4 2 5 3 1 3 4 3 3 1 4 1 5 3 2 2 4 5 1 1 1 4 1 5 1 4 3 1 5 4 5 3 2 4 5 2 3 1 2 5 1 5 5 2 3 1 1 3 2 1 4 5 4 1 4 2 5 3 2 4 4 3 3 5 1 4 2 3 4 5 5 1 4 4 3 3 2 3 1 5 5 1 4 1 1 4 2 2 4 5 5 2 2 4 1 4 5 4 3 3 5 2 1 4 3 3 1 4 2 3 5 3 3 4 3 1 4 1 2 2 2 4 5 5 2 3 3 1 1 1 1 1 4 1 1 1 5 3 1 1 1 1 5 3 1 3 5 4 5 2 3 2 5 2 1 3 4 1 4 2 3 1 4 3 1 4 4 2 1 1 4 3 1 3 3 3 2 2 4 2 3 1 5 2 4 2 5 3 2 5 1 1 2 4 4 2 4 4 5 1 4 3 4 2 5 1 
884
2 2 4 5 2 4 4 5 5 5 1 4 4 2 4 1 3 4 4 4 4 2 5 4 3 2 2 4 2 4 4 5 3 3 4 4 3 4 5 2 5 1 5 5 2 5 1 5 3 4 5 1 3 5 2 5 1 5 3 4 4 3 5 3 5 5 3 5 3 2 1 5 2 3 4 1 4 4 2 4 5 1 4 2 2 2 1 5 2 5 3 2 2 5 1 4 4 3 3 2 4 5 1 3 4 1 5 3 2 1 1 1 1 1 4 5 3 4 4 1 5 3 4 1 2 4 1 1 1 3 2 1 5 4 5 3 1 4 5 2 4 5 4 2 1 2 1 5 5 4 5 1 1 5 2 3 3 4 5 5 2 3 5 1 1 2 5 3 5 5 5 1 1 3 2 1 2 4 2 1 4 3 4 1 2 2 5 4 5 4 3 1 1 5 3 3 1 3 1 2 4 2 4 4 1 5 2 2 5 3 5 3 1 3 1 2 4 5 3 3 4 2 1 1 1 5 4 3 2 1 2 2 4 5 1 4 2 2 1 1 1 5 1 1 4 3 5 2 2 2 1 2 3 3 3 1 3 3 5 1 5 1 3 3 1 3 1 4 1 3 1 1 4 1 4 2 3 3 5 2 1 3 3 3 5 2 5 2 1 5 5 5 5 2 2 2 1 5 5 1 2 1 3 1 3 1 4 3 3 4 4 3 3 3 3 2 2 4 1 2 3 5 2 5 1 5 3 3 4 3 3 1 5 5 3 4 3 1 1 2 1 1 2 3 1 4 2 2 4 2 3 2 3 1 3 5 1 5 2 4 4 1 1 3 2 3 2 4 1 4 1 1 2 2 1 2 2 4 5 5 2 4 3 4 5 5 3 5 5 4 5 3 1 1 3 2 3 1 1 3 4 3 1 2 4 1 5 2 1 4 1 2 5 1 5 4 5 4 5 1 4 4 4 4 1 1 5 4 1 5 3 1 2 3 5 2 5 4 3 5 5 1 1 1 1 5 4 5 5 5 1 3 5 1 1 1 3 1 4 5 2 3 2 1 1 1 2 2 2 2 2 3 2 2 3 4 4 3 5 3 2 2 1 1 2 3 1 4 3 1 5 5 1 2 2 1 2 5 2 5 1 5 2 4 4 4 4 2 1 4 1 4 5 3 2 4 1 4 2 5 5 2 1 5 5 2 2 3 2 5 3 4 5 4 3 3 5 1 1 2 1 3 3 1 3 4 4 5 2 2 4 3 5 2 4 4 3 5 2 1 2 1 5 3 1 4 5 2 1 2 4 2 1 1 2 5 4 2 4 2 5 5 5 5 1 3 5 3 3 3 1 1 3 5 3 4 3 4 5 3 2 5 4 2 2 2 4 2 5 2 4 5 3 3 1 3 5 5 3 4 3 3 4 5 2 3 5 1 1 5 3 2 1 4 1 3 2 4 4 2 2 4 3 5 1 3 4 3 2 1 3 1 5 2 1 1 1 2 3 2 3 1 5 4 1 5 3 2 5 3 5 2 2 2 3 4 1 1 1 3 4 4 3 3 2 5 1 2 2 3 5 4 5 5 4 5 1 1 4 1 4 5 4 2 4 1 5 4 3 3 3 1 1 3 4 4 2 4 2 5 1 2 1 3 1 4 2 1 2 2 3 2 2 1 3 5 3 4 5 3 1 3 3 3 5 3 1 3 3 3 5 1 4 5 3 1 5 1 3 3 3 1 4 4 3 3 5 3 2 1 5 2 3 4 5 4 4 5 4 1 4 3 1 4 4 5 4 5 1 4 5 3 4 3 3 3 3 4 5 4 4 1 2 4 5 1 4 3 3 2 5 3 1 3 2 1 2 2 3 2 2 2 1 5 1 3 5 3 1 4 3 2 5 5 5 1 2 3 3 1 2 4 4 4 1 2 5 3 5 4 4 2 5 2 3 2 4 2 2 2 3 4 5 2 5 4 4 4 3 3 4 1 1 4 5 2 5 1 4 2 1 4 3 2 
765
5 3 1 4 4 4 1 5 3 4 1 3 2 4 2 4 5 3 1 3 4 2 5 1 2 1 1 1 5 2 2 1 4 4 4 5 2 4 1 1 4 1 3 2 2 2 5 1 4 3 5 4 4 4 4 1 1 4 3 5 2 1 1 2 5 1 1 3 2 3 1 5 1 5 2 2 1 3 4 1 5 3 4 1 4 2 1 1 2 5 1 3 5 3 5 1 5 2 4 1 5 4 3 2 5 4 3 1 3 1 1 3 5 5 5 3 3 2 4 2 1 1 1 2 5 2 3 4 4 3 2 5 3 4 1 2 4 5 2 1 5 5 5 1 1 4 4 3 5 4 1 2 1 2 4 5 3 1 5 3 5 3 2 2 1 4 3 4 3 2 2 4 1 1 5 3 2 5 5 3 5 3 5 5 4 3 4 1 5 5 4 1 3 2 2 5 3 1 1 2 4 2 1 1 4 2 3 2 3 5 5 2 2 4 1 5 3 1 2 4 2 5 4 4 4 2 1 1 4 1 2 3 2 4 3 5 2 3 2 4 2 3 2 5 3 4 4 2 1 5 2 3 2 5 3 2 3 3 4 1 3 5 5 1 1 5 1 4 2 4 3 5 3 1 4 5 5 2 1 5 3 2 4 1 3 2 4 2 1 2 2 1 4 4 1 1 3 3 4 4 3 3 3 5 4 3 4 5 4 1 1 3 4 5 1 1 3 4 2 5 3 1 5 1 4 1 1 3 3 4 3 1 2 2 2 2 4 1 1 4 3 1 3 2 2 3 4 4 4 3 4 1 5 3 3 5 5 5 2 3 5 4 5 3 5 1 4 5 3 1 3 1 2 5 4 3 3 2 4 3 4 4 5 5 1 2 4 3 3 5 5 2 5 1 5 1 1 5 5 4 1 2 1 4 2 4 3 1 5 3 3 1 1 2 5 4 5 1 1 2 5 5 5 2 5 1 2 2 1 2 5 3 3 2 3 1 5 5 1 2 3 5 4 5 3 5 3 4 5 3 2 2 4 2 3 5 4 1 2 4 2 3 3 2 5 5 4 1 2 2 2 1 3 5 5 1 2 3 1 1 2 3 4 1 1 1 5 4 4 1 5 5 1 2 3 5 4 2 5 2 5 4 4 2 5 3 2 1 2 5 4 1 4 2 1 4 5 5 4 3 3 3 4 5 2 4 4 2 2 5 3 1 5 1 2 5 5 1 2 4 5 5 4 3 4 4 3 3 5 1 2 4 1 5 3 2 3 3 3 1 5 2 1 4 4 5 3 3 5 5 1 1 1 1 5 4 4 2 3 1 4 4 1 4 1 1 2 5 3 4 1 2 2 1 1 5 5 5 5 1 1 2 1 2 3 2 2 3 3 5 5 4 3 1 2 5 1 4 5 5 4 5 2 3 5 4 2 2 5 3 2 1 5 5 4 2 1 5 1 1 1 1 4 1 1 2 5 3 2 4 4 3 3 5 5 5 5 1 1 5 1 4 5 5 3 3 3 1 4 3 3 5 3 3 5 5 4 4 4 3 3 3 5 5 4 4 4 4 1 1 5 1 5 1 2 4 5 4 1 3 2 3 4 1 2 3 3 3 4 1 5 1 5 4 2 4 2 3 4 4 3 5 5 4 5 1 5 4 2 5 1 5 5 5 5 3 4 4 5 2 5 4 4 1 4 1 1 2 5 4 1 4 3 2 3 4 4 4 2 5 5 5 4 4 1 
556
2 4 4 3 3 5 2 1 1 5 3 1 2 2 2 4 1 1 5 5 5 3 5 1 5 4 5 5 5 2 5 1 3 1 5 5 5 1 2 5 3 5 3 1 3 4 4 5 1 5 1 5 2 5 1 3 4 2 3 3 4 4 5 1 4 4 2 4 2 3 5 4 4 4 1 4 4 4 3 5 3 1 4 1 2 4 1 5 3 3 4 1 1 5 3 2 4 4 5 2 3 1 2 2 5 2 2 5 5 1 4 4 1 3 1 3 3 1 4 5 3 3 2 1 2 1 4 2 1 5 3 4 5 1 2 1 2 5 1 3 5 4 1 1 3 2 5 3 4 3 4 2 2 3 4 1 3 4 2 1 3 2 1 2 2 4 5 1 3 5 3 2 5 4 4 5 2 3 2 5 3 5 3 1 4 3 1 2 1 5 4 3 3 4 2 1 2 1 1 4 2 4 2 1 4 1 2 2 5 3 1 4 5 1 5 3 3 2 1 1 1 1 5 5 4 1 1 5 3 1 5 4 1 2 2 4 4 3 5 3 1 3 2 2 5 3 1 2 4 4 4 5 4 4 1 3 4 1 4 4 4 1 2 4 4 3 5 2 1 1 4 3 5 2 1 4 4 1 3 3 4 1 4 5 4 4 4 5 2 2 5 5 4 1 5 2 1 1 3 1 4 4 5 3 5 5 4 1 2 1 5 3 1 3 2 2 3 5 3 1 3 2 2 2 4 4 3 4 4 3 1 4 1 5 2 2 1 5 2 3 2 1 5 2 5 3 5 5 4 4 2 1 2 4 4 1 2 4 1 2 3 2 1 3 1 4 4 4 5 3 1 1 5 2 4 5 1 1 1 4 1 2 1 3 2 2 5 3 2 5 2 4 1 4 1 4 4 1 2 5 5 4 5 5 2 5 1 2 2 3 5 3 4 2 5 1 3 4 5 4 5 3 2 3 3 4 1 1 2 4 5 1 4 1 5 5 3 2 1 4 4 2 1 3 5 2 5 3 2 1 3 2 1 2 4 3 2 1 1 3 4 5 4 2 3 5 3 5 2 5 3 5 3 4 4 2 2 5 1 4 3 1 5 3 2 3 2 3 3 2 3 3 4 1 1 1 2 3 5 5 2 4 2 4 4 5 2 1 2 3 4 4 3 5 3 1 2 1 3 1 5 5 5 5 2 5 5 1 4 1 5 2 1 1 5 5 3 3 2 4 2 5 4 4 4 3 4 2 5 4 4 1 5 3 5 4 
639
1 1 2 3 5 3 4 3 4 5 5 1 1 5 3 5 5 3 5 4 4 1 5 4 1 1 5 3 5 3 1 1 3 4 5 5 1 3 2 4 2 3 1 2 4 5 3 5 3 4 3 1 1 4 1 1 4 5 5 1 5 5 3 4 5 2 3 5 5 1 5 3 5 1 2 3 2 4 2 4 5 1 1 5 5 1 1 5 3 5 5 2 2 2 5 1 1 5 3 5 5 2 4 2 4 5 4 1 1 3 1 5 5 4 4 1 1 1 1 3 3 2 4 1 1 4 3 1 5 5 2 1 4 5 2 4 5 3 1 5 2 2 1 1 2 1 4 2 2 1 5 1 2 3 1 4 3 3 4 2 5 2 5 5 2 1 3 3 3 4 4 4 2 4 2 5 4 5 1 2 5 5 2 3 5 4 2 2 4 2 1 3 1 2 4 4 2 1 1 2 1 4 2 4 4 5 3 4 4 4 3 5 5 1 5 4 5 3 3 5 1 5 4 1 1 2 4 4 2 4 5 5 4 2 5 4 1 3 5 2 3 2 3 2 2 2 3 3 4 5 2 2 4 5 2 1 1 1 4 5 1 4 1 2 2 5 2 4 4 1 2 1 2 2 5 1 3 2 3 4 3 5 5 3 1 3 3 2 3 3 3 1 3 3 4 1 2 5 2 1 3 3 3 1 4 2 1 4 5 1 4 4 2 5 1 2 2 5 5 2 3 2 2 5 4 2 1 3 3 2 3 5 1 5 3 2 4 3 2 5 5 5 4 3 4 1 5 5 1 1 3 5 3 4 1 3 2 1 5 5 4 2 1 2 4 3 3 4 3 4 5 2 5 3 5 3 1 1 4 3 1 2 2 5 2 2 3 1 5 2 5 5 1 5 1 1 5 5 4 2 3 5 5 4 5 1 3 5 3 4 2 4 5 3 5 3 1 2 3 5 1 4 5 3 1 2 3 5 2 3 3 1 2 2 5 1 5 2 5 2 5 3 2 1 2 2 1 3 5 3 4 5 2 3 2 4 2 4 3 3 3 2 3 5 3 4 2 4 3 2 1 2 1 2 5 3 5 5 5 5 4 3 1 2 3 3 5 4 3 4 3 3 5 5 2 5 1 3 3 3 1 5 1 2 4 5 1 3 1 5 4 5 4 5 1 3 4 3 3 3 1 5 5 1 2 1 5 2 1 2 4 3 4 1 1 2 1 1 4 3 2 3 2 1 4 5 5 2 2 3 4 4 2 4 4 5 1 3 1 3 2 1 1 5 2 3 3 4 4 1 3 5 5 2 2 5 1 2 1 4 1 2 2 4 5 3 4 2 2 1 2 3 4 4 4 2 1 3 2 4 4 4 1 5 5 4 5 2 2 2 5 2 3 4 1 4 1 1 3 2 1 4 2 1 2 2 2 4 5 3 3 5 2 5 1 3 5 2 5 
747
4 1 3 3 4 5 4 1 2 1 3 5 1 1 5 4 2 2 2 3 1 1 2 4 2 5 2 2 1 1 3 1 1 2 1 2 2 4 2 5 1 4 4 3 1 4 1 5 2 4 2 2 5 1 3 3 5 4 4 2 4 1 5 1 5 5 2 1 5 4 2 2 4 1 4 2 1 1 1 2 1 4 5 2 4 2 5 5 2 3 4 5 1 3 3 5 2 1 2 3 4 3 4 5 5 4 1 5 4 3 1 1 1 3 3 2 1 2 1 3 1 1 4 1 3 1 2 1 2 3 3 2 3 1 3 2 4 3 2 4 2 4 5 3 3 4 4 4 2 1 1 2 2 4 5 4 5 1 5 3 1 4 4 3 5 2 1 5 1 4 1 3 3 2 2 5 5 5 3 1 2 3 4 3 4 3 4 3 1 5 2 1 3 2 5 4 3 5 4 1 1 1 5 3 2 1 4 3 5 4 5 1 3 3 1 1 1 4 5 3 5 1 3 2 3 4 1 2 5 1 4 5 1 3 4 2 3 5 4 4 3 5 2 5 2 2 3 4 2 4 1 1 5 5 4 4 5 4 2 5 1 1 1 1 3 5 4 3 4 4 1 3 3 2 4 5 5 1 3 3 2 1 5 1 5 4 1 5 4 4 1 5 4 1 2 4 2 1 1 2 4 3 4 2 5 5 3 1 2 2 4 3 2 5 5 4 3 5 5 4 4 5 5 4 2 1 2 1 1 4 2 2 2 3 5 3 2 2 3 5 5 3 3 2 5 2 2 4 4 1 2 4 2 1 2 3 4 1 3 1 4 2 2 5 4 3 4 2 1 4 3 1 3 5 4 2 4 5 1 2 5 2 5 1 5 3 5 3 3 3 5 4 1 2 5 1 1 4 2 2 2 4 2 4 1 5 1 4 1 1 2 5 4 3 2 5 5 1 4 5 5 4 3 2 2 2 2 2 2 5 3 3 1 1 4 1 2 4 1 2 1 2 3 1 4 4 3 3 2 1 4 3 4 1 5 5 5 1 4 1 1 1 1 1 4 4 3 5 4 3 2 1 4 4 3 2 5 5 1 3 1 2 2 1 2 1 1 3 4 1 4 1 1 1 1 1 4 5 1 4 2 2 4 2 2 1 3 3 1 5 2 3 1 4 3 5 1 5 4 4 5 2 1 3 4 3 3 2 2 3 5 3 1 5 4 5 1 3 4 3 5 1 5 2 4 2 3 1 4 2 5 3 5 5 5 4 3 5 2 1 2 2 4 5 3 4 1 5 4 4 2 3 4 3 4 4 5 4 5 3 5 1 2 4 2 4 2 4 3 1 5 1 4 5 5 1 3 5 1 1 1 4 5 4 2 1 3 3 4 4 2 3 4 3 3 5 1 2 1 5 2 2 1 5 1 2 5 5 4 2 3 4 1 4 2 2 4 1 4 4 4 5 1 4 4 1 1 2 2 1 1 5 2 1 4 4 3 5 5 1 2 4 4 4 5 2 2 3 3 5 2 3 1 4 4 1 1 4 2 2 4 3 1 2 5 1 2 2 1 3 4 4 4 2 4 3 1 5 2 5 1 5 4 3 1 2 3 1 2 5 5 2 4 5 3 3 3 1 2 5 1 5 5 4 4 3 3 4 2 4 5 2 4 3 4 4 2 3 4 3 4 3 5 2 5 4 2 
404
2 3 3 2 4 4 2 2 1 4 2 4 2 3 2 2 1 2 5 4 4 1 1 3 5 2 1 1 1 4 1 2 1 3 5 5 1 1 3 3 1 2 1 2 4 4 4 1 5 5 4 1 2 5 5 4 3 5 4 3 4 5 1 1 4 5 2 2 2 2 4 2 3 2 1 3 2 1 4 2 2 4 2 4 5 1 2 3 2 2 5 2 1 3 3 2 4 4 3 1 5 3 4 4 1 1 4 3 1 2 1 3 2 2 3 2 4 1 4 5 2 5 4 5 2 1 1 3 1 5 3 3 4 3 3 2 4 1 4 1 4 1 3 1 2 2 2 2 2 2 3 4 1 1 5 5 3 5 2 4 1 1 3 4 5 5 2 3 1 5 4 4 2 3 4 3 2 2 1 3 3 4 3 1 1 2 2 4 3 5 4 3 2 1 4 1 2 5 1 2 2 1 3 3 5 3 3 1 2 5 1 1 3 3 3 1 2 4 1 4 5 4 4 1 1 4 4 2 3 4 1 1 4 5 4 5 2 3 1 5 2 3 1 2 2 3 2 3 2 4 4 3 2 2 4 4 5 2 5 4 2 2 5 2 1 5 1 5 4 1 1 5 3 1 3 5 4 1 4 2 4 2 4 2 5 4 5 1 2 2 5 3 3 1 1 1 2 2 2 5 4 2 1 2 5 1 3 3 1 3 1 2 2 4 3 1 5 3 4 3 4 5 1 3 5 3 5 3 4 3 4 3 2 1 1 1 1 3 5 4 2 5 5 3 5 2 4 4 4 4 2 4 3 4 4 4 1 5 1 2 3 1 4 4 1 4 1 4 3 5 2 4 4 1 4 5 4 4 4 5 2 2 5 4 2 3 2 4 3 4 5 2 1 5 2 1 3 2 1 2 3 4 3 1 
134
1 5 5 4 5 4 5 3 3 3 4 3 1 5 2 1 1 3 1 1 4 3 3 2 4 2 4 2 4 1 3 4 2 2 2 2 2 1 1 1 5 2 3 5 1 4 2 1 3 2 1 1 4 1 4 4 2 2 1 5 2 5 3 1 3 1 4 4 1 4 4 5 5 4 1 2 4 2 3 2 5 5 2 3 2 3 2 3 4 4 4 3 3 3 5 5 3 3 5 3 1 5 4 3 3 1 4 2 4 3 5 3 5 3 1 1 5 4 4 1 4 4 3 1 2 4 2 1 1 1 1 1 5 4 
20
5 2 4 3 5 3 2 5 2 4 2 3 1 5 3 1 3 3 5 5 
839
3 1 5 3 3 5 5 4 5 5 3 3 5 2 3 2 5 2 1 4 3 3 1 4 2 1 3 4 5 2 5 2 4 1 1 1 2 5 4 3 1 4 1 2 5 5 4 5 3 1 5 2 3 5 5 1 2 4 4 1 5 5 4 5 5 1 5 1 2 3 4 3 1 4 4 3 3 4 4 5 4 3 3 3 4 2 3 5 2 4 5 3 3 5 2 3 5 1 5 1 5 5 5 3 3 4 5 2 4 3 3 5 2 5 2 5 3 2 1 4 5 2 1 4 1 2 3 2 4 5 2 1 4 4 3 2 4 4 5 2 3 5 1 1 4 5 5 4 1 2 2 2 3 5 2 3 3 2 1 2 1 2 2 4 2 1 5 5 1 2 4 3 1 4 3 1 5 4 4 2 5 3 5 2 2 2 1 4 3 1 2 3 4 5 3 1 5 3 2 5 1 5 4 1 1 3 1 5 3 5 4 2 2 3 5 5 1 2 5 5 4 2 4 3 1 2 5 3 1 1 4 1 1 3 1 1 2 3 2 5 4 5 3 2 5 3 1 5 1 1 5 5 4 3 4 4 1 5 3 1 2 2 1 4 1 3 4 2 1 3 1 1 2 4 3 3 3 5 3 5 2 4 1 5 3 4 1 4 5 3 4 2 1 2 5 1 4 1 3 1 3 5 4 1 5 1 4 4 2 3 4 4 1 4 3 3 5 5 3 4 3 2 2 5 5 2 1 3 4 5 1 3 1 4 3 1 1 3 4 2 5 4 5 2 5 5 5 1 4 4 4 3 5 3 3 1 1 5 1 4 4 1 1 4 1 5 1 1 3 2 4 4 2 1 1 1 2 2 1 2 5 2 5 2 4 4 2 4 3 2 4 3 4 4 3 4 3 4 1 2 2 2 1 3 2 3 4 3 4 1 4 5 2 5 1 2 3 5 5 2 3 5 4 2 3 4 2 3 2 5 4 5 1 1 2 4 3 2 3 3 3 3 3 4 3 5 1 2 4 2 1 4 2 4 2 1 2 3 5 5 4 4 4 1 1 3 4 4 4 3 3 1 1 5 2 3 2 4 1 2 2 1 5 5 2 1 1 5 1 5 5 4 5 5 5 3 4 5 3 3 3 5 5 3 2 3 2 3 1 2 4 5 3 4 4 1 4 1 5 1 3 1 5 4 3 1 1 1 2 3 5 4 5 2 3 1 4 4 3 2 3 3 1 2 1 1 2 2 2 1 2 1 2 3 4 4 3 2 1 5 4 1 5 5 2 3 5 5 3 4 3 5 2 3 1 4 4 4 5 2 5 4 2 3 1 2 1 1 3 1 5 4 3 1 3 4 3 3 1 3 3 3 2 4 1 5 3 1 3 4 4 4 2 2 1 5 3 3 5 1 1 1 4 3 3 3 2 3 2 4 5 5 1 1 3 3 2 2 5 5 1 3 3 4 4 4 5 4 1 1 4 1 3 4 1 1 1 4 3 5 2 2 4 2 4 1 5 1 3 1 5 5 4 4 5 4 4 5 2 2 5 5 4 3 5 4 3 3 2 2 2 3 3 5 2 1 2 3 1 1 3 2 5 1 3 5 2 1 4 3 2 5 5 1 2 1 4 1 3 3 2 1 2 1 2 3 2 4 5 4 4 3 3 1 5 5 2 1 5 2 4 4 1 5 4 3 5 4 5 3 1 4 5 3 4 2 2 2 2 2 1 2 1 5 2 2 4 5 3 5 1 3 3 2 4 1 1 3 2 5 2 4 3 2 3 4 5 5 5 1 3 2 4 5 1 1 1 4 2 5 1 3 4 3 4 2 1 1 5 2 5 3 2 5 4 5 3 3 4 4 5 3 1 4 2 1 1 4 2 2 4 2 1 4 1 4 1 1 4 
412
4 1 4 1 2 5 5 1 4 5 4 4 4 4 4 5 2 1 5 3 4 3 1 5 2 1 3 4 2 4 5 2 1 5 2 2 4 3 2 3 4 2 3 2 3 1 3 1 1 3 3 4 2 5 3 5 5 3 5 3 3 1 5 3 1 3 4 1 3 2 3 3 5 5 2 4 2 1 4 4 3 3 5 2 2 4 3 2 3 3 4 5 3 5 2 3 5 2 1 2 5 3 4 2 5 2 5 3 3 4 2 2 1 3 3 3 1 1 1 4 5 1 3 2 1 2 2 2 3 2 3 5 1 3 1 2 5 5 5 2 5 3 3 3 5 3 5 5 5 2 3 4 2 3 2 4 4 5 5 3 1 2 2 4 2 4 5 3 1 4 1 2 1 5 4 5 2 5 2 3 1 1 3 3 3 5 1 3 4 1 1 2 4 4 5 5 3 1 4 5 5 4 1 2 4 5 4 2 4 5 5 5 2 2 4 5 3 4 2 2 1 4 5 5 3 1 1 2 1 5 1 2 3 3 4 3 2 4 5 3 5 1 4 1 2 2 2 2 2 1 3 3 4 4 2 3 4 4 4 1 3 1 3 3 4 3 2 2 1 1 4 2 3 2 2 5 5 1 1 2 1 5 4 4 5 2 2 3 5 2 5 5 5 2 4 5 4 5 1 1 3 2 2 5 5 1 1 5 1 3 1 1 4 1 1 3 2 2 2 3 1 2 2 5 3 2 4 4 2 1 4 1 2 3 5 4 5 1 3 5 5 5 2 4 2 2 1 3 1 5 2 1 1 1 5 5 2 5 5 5 5 4 5 2 3 5 5 2 2 4 3 1 5 4 1 1 5 2 5 2 3 1 2 3 1 3 4 5 2 4 4 2 4 4 5 1 5 1 4 1 1 1 3 5 4 4 2 5 2 3 4 4 
898
5 3 1 5 3 5 1 1 3 4 1 1 5 3 2 2 1 4 2 3 2 3 3 2 1 5 5 3 3 5 1 4 4 3 3 1 2 1 4 1 1 1 2 1 4 5 2 1 4 1 4 2 3 1 3 4 2 4 1 4 3 3 3 3 5 5 3 3 2 3 4 3 4 2 3 4 1 1 4 4 1 4 5 1 2 4 4 3 4 1 2 1 1 4 3 2 5 3 5 4 2 5 1 5 3 5 3 3 5 4 4 1 2 5 3 3 1 3 1 4 3 2 2 5 2 1 2 3 5 3 1 2 4 1 1 1 5 1 5 2 4 3 4 5 5 1 5 5 3 5 5 2 3 1 2 1 4 5 3 3 4 1 4 2 3 2 2 5 2 1 1 2 1 1 3 5 1 2 1 3 1 2 1 5 3 2 5 3 3 3 5 1 5 1 2 2 2 5 3 5 3 5 3 3 5 5 4 5 2 1 4 4 2 5 1 1 1 5 3 1 4 5 1 3 5 5 2 1 4 4 5 1 1 2 5 5 3 3 5 1 5 3 2 2 4 2 4 2 1 2 2 2 1 2 4 5 1 2 2 2 3 3 2 3 1 2 2 3 1 3 4 1 3 2 4 1 3 2 2 5 5 5 1 5 2 2 1 4 5 2 5 2 1 4 1 1 2 5 4 2 2 4 4 1 5 2 4 4 1 2 3 5 2 1 2 5 4 2 5 3 1 2 2 3 5 2 4 1 1 4 4 5 2 3 2 3 1 5 3 1 2 2 1 3 2 2 4 5 5 3 5 2 4 1 5 3 2 5 5 5 3 1 1 1 3 2 5 5 2 2 1 5 3 3 2 2 1 2 3 2 4 2 4 3 4 5 2 1 4 4 2 3 4 2 3 3 3 2 2 1 5 2 5 4 1 3 2 1 4 2 3 5 3 3 4 2 4 2 4 4 5 5 1 5 3 5 2 2 1 4 5 2 2 1 5 5 4 4 5 4 5 4 5 4 1 3 2 4 2 5 2 1 1 4 3 5 3 4 2 3 4 3 1 3 3 3 2 1 1 3 2 5 2 3 3 4 1 5 3 2 1 1 4 4 5 3 3 2 2 1 2 2 3 2 1 1 4 4 3 1 2 1 5 3 4 5 1 1 4 5 4 1 3 4 4 2 2 2 5 5 4 1 1 2 5 4 2 5 2 1 1 3 2 2 2 5 1 5 5 1 4 3 2 1 1 5 4 4 3 4 3 2 1 4 3 5 2 1 5 3 1 2 3 4 3 4 3 4 3 4 4 4 3 5 1 1 2 2 4 4 5 2 2 5 2 1 5 5 1 1 2 4 2 1 2 4 5 2 2 4 2 3 4 5 4 5 5 5 1 3 4 2 1 2 1 2 3 2 1 5 4 5 3 5 5 2 1 1 5 4 5 1 1 5 5 5 4 4 4 1 4 4 4 4 1 2 3 5 3 3 4 2 2 2 3 2 5 3 2 4 2 3 4 2 3 1 3 3 4 2 1 4 2 4 5 4 5 2 3 5 4 2 3 3 5 5 1 1 3 2 4 1 2 4 2 1 4 5 5 5 3 5 5 1 1 4 5 5 5 2 4 1 3 1 3 4 3 3 4 5 1 4 2 4 3 5 4 1 1 1 2 3 5 2 4 5 5 3 2 2 1 2 2 1 5 1 4 2 5 3 3 5 1 4 1 5 3 1 1 4 1 4 3 3 5 1 2 5 5 5 3 1 2 4 3 1 1 1 2 5 5 4 1 3 4 3 2 1 4 4 1 4 3 4 1 4 1 5 3 1 4 5 3 5 5 5 2 2 2 3 3 4 3 1 1 1 3 4 4 1 5 4 2 4 2 4 2 3 5 2 5 4 3 4 5 3 5 2 1 1 1 4 4 4 4 1 1 1 5 4 4 1 5 2 4 3 5 5 5 5 1 1 5 1 4 1 3 3 2 5 1 5 5 1 5 3 2 5 1 3 1 1 3 2 2 3 4 1 2 1 2 5 1 1 5 2 2 4 
669
5 5 1 1 5 2 5 2 3 2 4 5 4 4 4 5 5 1 3 3 4 5 4 5 1 2 1 2 5 1 2 4 1 3 5 2 4 1 3 3 2 4 4 5 2 2 1 4 4 4 1 4 5 4 1 5 2 1 3 1 4 5 5 4 4 1 5 4 1 4 1 5 4 4 4 1 2 5 1 2 5 1 5 4 1 5 1 3 3 3 3 1 4 4 1 2 1 2 2 4 5 2 3 1 5 3 3 3 2 3 4 3 5 1 4 5 5 1 4 4 3 4 4 4 4 4 2 5 5 4 5 2 5 2 2 2 4 4 1 3 3 5 5 2 5 5 3 1 5 4 5 5 2 3 3 2 4 1 3 5 4 2 1 1 3 4 4 2 4 4 1 1 5 2 4 1 2 2 2 3 5 3 2 3 2 1 1 5 2 4 5 2 5 2 4 5 3 4 3 1 5 3 4 4 4 2 5 2 5 3 5 1 5 3 3 1 4 1 3 2 4 2 5 5 5 1 1 2 4 3 5 3 2 5 4 3 3 3 4 3 2 5 3 1 3 3 3 1 3 5 4 3 3 3 4 3 5 5 1 4 2 2 3 1 3 1 3 1 5 1 3 1 3 2 1 5 4 1 2 3 5 5 2 3 4 1 2 4 5 4 4 3 3 1 3 5 4 5 5 3 3 4 4 5 1 1 1 1 1 2 1 3 3 2 2 3 4 3 1 3 3 1 3 5 4 2 2 2 2 3 4 1 2 2 2 4 5 2 4 5 5 4 4 2 3 5 4 1 2 2 1 2 4 5 3 2 1 4 3 4 4 4 4 5 5 2 3 1 5 3 3 4 4 1 5 1 1 1 3 4 4 5 5 2 4 5 4 5 5 3 5 3 1 1 2 3 2 1 3 2 4 5 5 2 3 2 4 3 2 1 1 2 3 3 3 1 4 3 2 3 1 2 1 1 2 4 3 5 5 3 1 5 4 3 1 1 4 1 3 2 1 1 3 5 5 2 3 3 5 4 2 5 2 4 2 5 3 2 2 4 4 2 5 2 1 2 5 1 2 2 4 4 4 3 4 5 5 1 2 4 1 1 5 5 4 1 4 3 2 2 3 2 1 2 1 1 3 5 2 4 3 2 5 4 5 3 3 4 5 2 4 5 2 3 4 2 3 5 5 2 1 2 5 3 1 5 4 5 1 2 1 1 3 5 4 2 4 1 2 3 2 5 2 5 2 3 2 2 4 3 3 1 4 4 4 1 4 2 1 1 5 1 1 2 2 4 1 5 2 2 2 3 4 5 5 5 2 1 1 5 3 5 3 3 4 1 4 4 4 1 4 3 3 2 1 4 5 3 3 1 5 4 1 3 3 5 4 2 2 2 3 4 1 5 1 1 5 1 1 3 3 5 2 5 3 3 3 2 5 5 5 1 5 2 5 5 1 1 1 2 2 3 2 4 5 4 5 4 2 5 4 4 1 5 4 5 4 3 2 1 5 3 1 4 4 3 3 1 3 
465
4 4 5 2 4 4 5 5 4 1 2 2 5 2 4 5 2 4 2 5 4 1 4 5 2 4 4 1 1 1 1 4 1 2 2 4 5 1 4 3 4 5 2 5 3 2 4 1 5 2 2 4 5 5 5 1 5 5 1 5 5 3 5 2 4 1 5 5 4 5 5 2 1 3 1 4 4 1 1 5 4 3 5 3 4 1 5 4 5 3 3 1 5 3 2 1 5 4 2 3 5 1 1 1 5 3 4 5 3 4 2 4 3 1 1 2 4 1 5 5 5 2 1 1 1 4 3 3 4 5 2 1 2 3 1 2 5 1 3 5 1 4 3 4 2 5 5 5 2 1 4 1 4 1 2 5 2 4 4 2 5 5 2 2 2 4 5 4 4 2 5 5 1 4 5 4 3 1 3 2 1 3 4 4 1 2 5 2 1 3 5 2 5 4 5 3 2 4 1 3 3 2 4 5 5 3 3 5 3 5 1 3 4 4 3 4 1 3 2 3 2 2 1 1 2 1 4 3 4 4 2 1 3 5 2 2 4 4 1 1 5 3 5 4 4 5 4 1 2 1 3 3 4 5 4 5 5 2 4 4 2 1 1 4 2 5 3 1 3 5 3 5 3 3 5 1 2 3 1 5 3 5 2 3 4 2 4 1 5 3 1 4 5 3 4 1 2 1 1 2 1 1 1 5 5 5 5 3 4 2 2 4 3 5 1 3 4 5 3 3 4 3 1 3 1 5 5 4 2 3 5 4 3 5 3 2 1 4 4 5 2 2 3 4 1 3 4 4 4 1 2 2 1 4 4 3 5 1 1 4 3 1 2 5 2 5 1 3 5 1 2 2 2 1 2 2 3 5 3 2 3 1 5 5 4 1 2 1 1 4 4 3 4 5 2 3 1 4 5 1 1 3 4 2 3 5 5 2 5 4 5 2 4 5 1 5 5 4 5 5 2 5 4 3 4 2 5 2 2 1 4 2 3 2 5 2 1 1 3 5 5 5 3 3 4 5 4 5 5 3 4 2 4 4 1 5 5 2 1 1 2 4 4 1 5 
958
4 2 3 1 4 2 5 1 2 5 3 5 4 2 5 4 5 3 2 5 2 3 1 2 3 4 2 1 4 3 5 2 5 3 5 3 1 1 5 2 1 2 2 1 1 1 5 5 3 1 5 5 4 2 3 3 1 5 1 1 4 5 5 3 2 4 2 5 1 4 1 1 5 4 2 5 4 3 2 4 5 3 5 5 4 4 3 1 5 5 2 4 4 1 3 3 1 5 2 3 3 2 4 4 1 2 1 1 1 2 1 5 1 2 5 4 1 4 5 5 3 3 5 1 5 3 5 2 4 1 4 3 5 4 3 2 2 3 4 2 1 5 2 1 1 3 2 3 1 1 3 5 5 2 5 4 1 5 5 4 2 5 3 1 4 1 4 5 5 3 2 1 2 3 3 4 2 4 2 2 1 1 1 2 4 2 5 2 3 1 2 5 1 5 2 4 5 1 3 4 3 1 1 1 5 1 1 1 1 4 4 2 4 1 5 5 3 5 1 2 2 2 3 2 1 2 2 2 2 2 3 1 2 5 3 2 5 3 2 1 4 3 4 2 3 3 3 5 4 3 4 1 5 1 4 2 2 1 1 5 4 3 2 5 2 4 3 4 4 2 4 2 4 2 5 1 1 3 3 5 5 1 5 1 3 5 5 5 2 5 1 5 2 3 5 5 1 4 3 1 5 3 2 5 4 2 1 2 4 5 1 5 2 2 3 4 3 2 5 5 1 1 4 4 3 5 3 5 4 3 1 5 5 2 5 1 5 2 2 5 3 4 2 4 2 4 2 4 5 4 3 5 4 4 5 1 3 2 5 3 1 5 3 1 4 4 1 3 2 4 5 4 2 1 4 3 4 2 3 3 5 1 4 3 4 3 5 3 1 5 1 2 1 5 2 1 5 4 4 3 2 5 1 3 5 4 2 5 2 4 2 2 1 2 4 1 4 1 4 1 5 1 2 2 2 5 3 1 3 3 3 4 2 5 3 3 5 1 2 1 2 5 2 2 1 3 5 1 3 5 1 4 5 5 2 3 4 4 3 4 3 2 4 1 3 2 3 2 2 4 4 3 5 3 2 5 2 1 2 1 5 3 4 1 4 2 3 4 1 2 2 5 5 1 1 2 4 3 5 2 4 5 2 3 2 3 5 5 5 1 5 1 5 5 1 3 2 5 2 4 1 3 3 2 5 3 3 3 3 4 2 3 3 3 2 2 2 1 1 1 4 1 3 3 5 5 1 3 4 4 1 1 1 4 2 3 3 1 5 2 4 1 4 1 5 1 2 1 3 3 3 1 5 5 4 1 4 1 4 2 4 4 4 4 4 5 3 4 5 5 5 5 2 1 1 2 3 4 2 5 1 5 1 2 4 4 3 5 1 1 3 4 1 2 4 2 1 2 2 3 1 3 2 2 3 4 3 5 3 2 2 5 3 2 2 3 2 1 2 2 3 5 5 3 1 3 1 3 4 4 2 1 2 1 3 1 4 2 3 3 5 4 5 2 5 3 5 3 3 1 4 5 2 5 4 4 4 5 4 5 3 5 5 1 5 4 2 1 1 4 3 5 4 4 4 3 1 3 2 3 5 2 2 4 3 3 2 1 4 5 5 3 5 2 4 1 5 2 3 2 5 3 4 3 1 2 2 2 1 5 1 2 1 3 5 3 2 2 3 5 3 5 2 4 3 5 5 2 1 4 1 2 1 1 1 2 4 2 5 4 3 5 5 3 4 2 2 5 3 2 4 2 1 1 1 3 2 2 1 3 5 1 1 1 3 2 4 1 5 3 4 3 4 1 5 3 4 2 2 1 3 3 4 5 5 4 4 1 5 4 3 2 2 4 4 4 2 2 5 1 1 5 3 1 2 5 3 5 3 2 2 5 1 1 1 5 1 4 5 3 4 5 4 2 5 2 1 1 5 2 1 2 3 4 2 2 5 5 3 2 3 5 3 3 2 3 2 4 3 1 1 1 2 1 3 1 2 5 1 3 3 2 4 2 2 1 3 1 2 3 2 4 4 4 3 2 3 4 5 5 1 3 2 3 3 1 3 2 5 1 4 4 2 3 1 5 5 5 2 3 2 3 1 5 3 5 3 5 5 3 1 5 5 2 4 2 3 4 3 4 4 4 3 2 3 5 3 2 1 4 4 5 3 1 1 2 2 4 
898
1 1 3 2 2 1 1 3 3 1 3 4 1 3 3 2 5 2 4 3 4 4 3 3 1 5 4 2 1 2 4 1 4 1 2 5 3 4 4 3 1 3 1 1 5 3 2 4 1 2 3 1 5 5 4 2 4 2 3 4 5 1 1 3 3 5 2 3 3 2 5 4 5 5 1 4 4 3 5 1 1 2 3 3 4 1 4 2 4 2 3 3 4 3 2 4 2 3 1 2 2 2 2 1 3 2 4 3 1 5 5 2 2 2 4 2 3 4 3 3 5 2 1 1 5 4 1 3 2 3 4 5 4 5 5 3 2 3 5 2 5 4 5 3 5 5 4 4 4 1 2 5 5 4 2 4 2 2 1 5 1 2 4 4 1 3 1 4 3 2 3 2 5 2 4 2 4 2 5 2 4 3 3 3 1 5 3 3 1 1 2 4 2 3 4 4 5 2 5 2 3 2 5 5 5 3 1 3 1 2 1 2 5 4 4 2 5 4 4 2 4 3 5 5 5 4 5 1 5 4 5 2 2 4 3 2 4 3 1 1 2 4 2 1 4 1 2 3 4 3 4 4 2 4 3 3 4 4 3 3 3 2 1 4 3 4 2 3 3 5 3 4 5 5 4 3 2 3 2 5 2 5 5 3 5 2 5 3 5 4 2 4 3 3 5 5 1 1 2 3 2 4 2 1 5 2 5 1 1 1 2 2 1 1 4 2 4 3 5 1 2 1 4 1 5 3 5 2 1 3 2 2 3 3 3 3 1 2 5 2 5 2 3 2 2 4 3 3 3 4 3 1 2 1 1 1 4 2 3 4 4 4 2 2 3 4 1 5 3 5 3 2 1 3 5 5 1 2 2 3 1 4 1 2 1 1 4 1 3 1 1 1 1 3 4 5 1 1 5 5 1 2 3 3 4 2 4 4 1 2 4 1 2 4 4 3 1 4 5 3 2 1 1 2 3 1 2 5 2 1 5 4 4 4 3 3 3 2 3 3 5 1 5 4 1 3 3 2 3 2 1 4 2 1 1 4 2 4 1 5 1 2 3 4 5 5 1 2 3 1 4 5 1 3 3 4 2 5 5 5 1 5 5 5 3 2 5 4 5 5 5 5 1 2 1 1 3 3 4 3 3 5 2 1 2 4 4 1 3 5 2 5 1 1 4 3 3 1 3 4 5 2 4 1 5 1 3 3 3 3 5 1 2 1 1 1 1 1 3 5 5 4 4 2 1 5 5 5 5 4 4 1 1 4 3 2 4 2 4 1 5 5 3 3 5 3 5 2 5 2 1 4 2 2 1 5 3 2 4 4 5 4 4 2 2 2 4 2 5 4 5 1 4 2 4 5 2 3 2 1 2 4 2 3 5 4 4 2 5 3 2 1 3 1 5 5 4 5 3 3 3 2 4 3 4 4 3 2 3 1 2 4 4 5 4 1 3 2 4 4 1 1 5 4 3 1 5 3 5 2 5 4 4 5 4 4 5 3 2 3 3 5 1 3 5 1 3 2 3 4 1 3 1 2 3 3 4 2 5 5 4 1 3 4 3 3 4 2 5 5 1 2 4 4 2 3 4 1 2 3 4 4 1 4 5 3 3 5 2 2 4 5 3 3 3 2 1 3 3 5 2 1 4 2 4 5 2 2 5 3 5 1 1 2 4 2 1 2 3 2 5 1 1 4 3 5 5 3 4 5 3 5 5 1 4 3 2 5 1 1 4 5 1 1 3 2 4 4 5 1 5 4 1 3 3 5 4 4 5 3 3 2 4 4 4 2 3 5 3 4 2 3 5 5 3 3 1 3 3 5 3 4 5 5 1 4 2 2 3 1 4 2 4 2 1 4 1 3 5 5 3 1 3 3 5 2 2 2 5 4 1 4 2 3 1 3 1 4 4 3 4 4 5 2 2 2 2 2 4 1 4 2 1 1 1 3 4 2 4 5 5 2 4 1 4 1 5 4 4 5 4 4 3 3 2 2 1 3 5 1 3 3 4 5 5 4 2 4 5 3 3 1 4 3 4 4 5 5 
379
5 5 2 3 4 1 4 5 1 3 5 2 5 4 5 2 4 4 3 2 5 2 1 1 2 4 1 5 5 5 1 5 4 2 4 5 3 3 1 3 2 2 1 4 1 1 5 4 1 4 2 5 1 4 2 4 4 2 1 4 2 1 3 2 2 1 3 1 5 1 4 2 2 4 2 4 1 1 4 1 1 5 1 1 4 4 2 2 1 2 2 4 2 4 2 5 2 2 1 1 2 1 4 3 4 2 2 2 2 5 2 5 2 4 2 2 3 3 5 5 4 2 3 2 5 1 2 3 2 2 1 3 2 1 1 2 3 4 3 1 5 2 5 1 5 2 2 2 4 2 1 3 3 5 1 4 3 2 2 4 5 2 2 1 2 4 5 4 4 4 2 3 5 1 1 5 2 2 3 1 5 1 5 4 2 5 3 4 4 1 3 3 4 1 1 5 1 5 1 1 3 2 3 5 4 3 4 1 2 3 1 1 3 2 2 5 3 1 3 1 1 2 4 4 4 4 5 4 5 2 4 4 5 4 3 4 1 3 4 4 1 1 2 3 4 3 4 1 3 4 2 5 5 2 5 1 2 4 4 1 3 5 4 4 3 2 2 5 4 2 4 1 4 2 1 2 1 4 3 3 4 1 4 1 2 3 1 3 3 4 5 5 5 3 4 2 1 2 2 2 1 2 2 4 5 2 3 5 3 2 2 1 2 5 1 5 4 3 4 1 4 3 3 3 2 3 5 5 1 3 1 1 1 4 2 5 1 4 4 5 5 2 2 3 3 5 2 1 2 5 3 5 2 5 3 5 2 4 4 3 3 4 5 3 5 1 4 5 1 2 1 5 3 2 2 2 1 3 2 
215
4 1 4 5 1 3 2 4 1 5 3 5 1 3 2 5 5 5 1 1 3 1 2 2 4 4 3 5 3 1 4 2 2 4 3 4 2 1 2 4 1 2 4 1 1 2 5 5 2 5 2 1 2 4 3 5 4 2 4 3 5 4 1 1 3 1 1 1 1 4 4 1 5 4 3 5 1 2 2 4 3 5 4 4 5 3 4 3 2 4 3 1 5 3 3 2 5 3 4 1 1 4 3 1 3 1 2 3 4 5 1 4 5 1 2 4 4 2 4 5 1 3 2 5 5 4 3 2 1 1 2 1 4 1 3 3 3 2 5 2 1 2 5 2 3 3 1 3 2 1 4 2 3 5 3 4 5 2 5 5 4 3 2 4 4 2 2 1 3 3 4 5 5 5 2 4 5 4 3 1 1 3 4 3 4 1 3 3 4 5 4 2 2 5 2 2 3 3 5 5 1 3 2 2 5 3 2 4 3 4 4 3 3 2 2 
551
4 4 5 4 3 3 5 2 4 1 3 2 1 2 1 3 2 4 4 1 1 2 1 3 2 1 2 4 4 3 1 2 2 5 2 1 4 1 2 2 3 2 3 5 5 1 2 1 4 2 3 2 3 3 1 4 3 3 4 1 5 4 4 3 5 5 1 3 2 4 5 2 5 4 1 5 4 3 2 5 1 5 1 4 2 1 4 2 5 5 2 2 3 3 1 5 4 1 4 1 2 3 4 1 4 4 2 4 3 4 3 1 5 5 4 1 3 4 2 2 3 1 5 3 5 1 2 3 3 5 5 4 5 3 2 5 4 3 3 3 3 3 3 2 2 3 5 4 4 3 3 1 5 2 5 4 2 3 4 5 5 3 5 1 3 1 5 3 4 2 2 3 4 5 5 3 4 1 1 2 3 5 5 3 2 4 1 5 4 1 1 3 4 1 3 3 1 2 2 1 5 3 1 1 4 5 3 3 5 5 1 4 5 5 1 3 1 4 2 4 4 5 1 4 2 5 3 4 3 4 5 2 2 2 4 2 3 1 1 2 1 2 2 2 3 3 4 3 1 2 3 1 1 5 5 4 4 2 3 1 3 4 3 4 5 3 2 2 4 3 5 1 4 1 4 1 3 2 1 5 5 3 1 3 3 2 1 3 3 3 4 5 1 3 5 5 5 2 1 5 1 5 5 4 1 3 1 5 1 3 5 1 1 2 5 5 3 5 2 2 5 2 4 5 4 3 2 1 1 4 5 1 4 5 1 1 4 4 2 5 1 3 2 3 4 3 4 3 2 3 5 3 4 5 5 3 2 1 3 5 4 2 2 4 3 5 1 4 5 3 5 5 5 1 5 1 5 3 5 1 2 4 1 1 3 5 5 2 5 4 3 5 2 4 4 2 5 1 5 4 3 4 1 5 1 5 5 5 4 4 2 1 5 2 3 4 1 2 2 5 2 4 2 3 5 5 4 4 5 3 5 5 3 5 4 3 1 5 2 4 5 4 1 4 5 5 5 3 1 1 2 4 2 3 2 1 4 2 1 1 5 2 2 4 1 5 2 1 4 3 2 5 3 4 4 3 4 3 2 1 5 3 5 1 3 3 3 3 4 1 5 5 2 1 4 5 5 5 5 5 4 3 5 2 2 5 1 2 4 2 2 5 1 3 3 5 5 5 3 4 2 4 5 1 5 3 5 1 4 1 3 3 4 4 1 2 3 1 3 3 2 1 2 4 4 4 4 3 1 3 3 
944
1 3 4 5 2 3 1 3 1 3 5 1 1 5 2 5 2 1 2 3 1 5 1 4 4 1 4 1 3 3 4 4 2 3 3 4 2 3 3 2 2 2 4 4 3 5 3 4 2 1 3 3 1 3 3 1 1 3 1 3 3 4 1 4 3 4 4 2 3 1 5 2 4 4 5 1 5 5 4 2 2 1 1 4 1 5 4 1 3 1 3 5 2 1 5 4 4 4 5 3 1 5 4 5 5 1 5 4 5 1 2 3 1 2 2 3 2 5 3 1 3 3 2 4 3 1 4 3 1 1 5 2 2 1 3 1 1 2 1 2 2 3 4 5 4 5 2 2 2 2 2 4 1 3 4 3 1 2 2 3 2 1 1 5 1 3 5 3 5 1 1 3 3 5 4 3 1 1 5 2 4 1 2 4 1 5 1 3 4 2 5 2 4 3 2 2 5 3 1 1 5 2 1 2 1 4 2 1 4 1 5 2 1 3 2 3 5 2 2 3 5 4 1 1 1 4 2 5 2 4 3 1 5 3 5 5 1 1 3 2 1 4 5 3 1 2 3 2 5 4 4 2 2 2 4 2 5 5 4 1 5 3 4 5 5 5 1 2 5 5 5 2 3 2 1 1 3 3 4 4 2 5 2 5 1 5 4 5 1 2 3 1 4 3 5 5 2 2 3 3 2 3 4 1 4 4 3 3 4 2 3 2 1 2 1 3 1 4 2 2 2 1 4 2 3 5 1 1 1 1 3 4 3 3 5 3 2 4 2 2 5 1 3 2 2 5 4 3 4 3 1 5 5 1 4 5 5 4 5 2 4 5 1 3 2 2 2 5 5 5 1 2 1 5 5 4 5 4 3 3 3 3 4 4 5 2 3 1 3 5 3 3 4 5 3 5 1 1 2 2 1 2 3 3 2 5 1 3 3 4 2 2 3 5 5 5 4 5 5 3 4 2 5 4 3 4 3 5 5 1 2 2 5 1 4 3 5 1 5 4 1 1 2 1 2 2 5 5 3 4 2 1 3 4 4 5 2 3 5 3 4 3 4 3 5 4 5 5 5 1 5 2 1 2 2 2 5 3 4 2 2 2 4 1 5 2 2 4 1 3 1 1 5 5 5 2 3 1 1 4 1 2 1 1 5 4 5 4 4 3 2 5 4 5 2 1 1 3 4 4 3 1 4 4 5 4 5 5 4 2 3 2 4 5 2 3 1 1 4 4 5 5 5 4 5 3 4 2 2 4 2 4 4 1 3 1 1 2 5 1 4 4 2 4 1 1 1 3 3 1 1 3 1 2 1 2 4 1 3 5 1 5 1 1 2 3 1 4 4 2 1 4 1 3 2 3 5 5 5 2 5 2 4 2 5 1 3 3 3 3 4 3 4 4 1 2 1 1 5 2 3 5 2 5 4 4 4 3 5 3 2 4 1 5 1 5 1 5 4 5 2 2 5 2 3 5 3 5 5 4 1 4 1 3 5 4 3 3 4 2 5 5 2 2 1 2 1 3 4 4 3 2 3 2 4 5 1 3 4 2 2 2 1 2 4 2 2 3 5 2 4 1 3 5 3 4 4 3 1 2 4 5 5 1 1 3 2 3 3 5 5 4 1 2 2 1 3 3 3 2 2 1 3 4 3 2 2 1 1 5 4 4 4 3 1 5 3 2 4 5 4 3 5 4 1 1 2 1 5 4 2 1 2 1 5 4 4 3 1 5 2 1 5 1 3 1 2 2 4 5 3 2 3 2 3 5 2 4 5 4 4 4 4 2 1 5 2 5 3 2 1 4 2 5 4 2 2 5 3 1 2 3 4 1 4 1 5 3 1 5 1 2 5 1 3 5 1 5 1 5 1 1 3 5 1 4 1 2 5 5 4 1 2 3 1 3 5 3 5 1 4 2 2 3 2 1 4 4 5 5 3 3 5 3 2 5 3 4 4 2 5 2 5 4 4 5 1 4 2 2 1 5 3 4 4 1 4 3 2 4 2 1 1 1 5 4 3 2 4 1 4 5 4 5 3 3 4 5 3 3 1 3 4 5 1 3 3 4 2 1 4 3 1 1 5 1 4 2 4 4 4 4 4 3 3 3 2 4 3 4 1 5 3 1 2 5 5 1 3 1 1 4 5 3 
964
5 5 5 3 4 3 4 2 3 3 2 1 4 5 5 4 5 1 1 2 2 5 2 4 4 4 4 2 4 4 3 5 3 2 4 3 4 2 2 4 4 3 4 4 2 5 4 3 5 1 4 2 2 2 5 1 1 1 4 1 1 1 5 3 2 5 3 3 2 4 1 2 1 1 3 4 5 1 1 4 2 1 2 3 3 4 5 5 1 4 5 1 1 1 5 5 5 2 4 3 2 1 5 4 1 2 2 2 2 4 2 3 5 1 3 2 1 2 1 3 2 2 3 3 2 4 4 1 3 2 4 4 2 5 5 4 3 1 2 4 2 5 4 1 2 3 2 2 4 4 4 3 5 3 2 3 2 5 5 4 3 5 4 1 4 3 4 1 1 2 2 2 3 2 2 5 4 5 1 2 5 2 4 1 4 5 3 5 1 2 5 3 4 4 3 4 3 3 5 3 1 3 1 4 4 4 3 2 5 5 5 4 1 1 1 5 2 3 4 3 2 1 5 2 4 5 5 3 2 1 3 5 3 3 3 3 2 5 4 3 4 1 4 5 1 4 1 4 2 1 1 5 1 3 1 1 4 5 4 5 3 1 1 5 3 3 3 1 4 3 1 5 3 4 1 5 2 1 4 5 1 1 1 2 3 3 2 1 5 5 3 2 2 3 1 2 3 3 4 1 3 4 2 5 2 2 2 1 2 5 5 5 5 3 1 5 5 4 2 4 1 4 5 2 4 1 5 3 5 4 3 4 2 2 4 1 3 2 3 5 1 2 4 2 4 1 1 1 1 5 4 1 5 4 5 5 1 4 2 2 2 2 1 1 3 1 3 5 2 5 1 4 3 1 5 2 3 3 4 4 4 2 4 3 2 3 3 2 2 4 1 5 5 3 5 2 3 2 4 1 1 4 4 4 2 5 2 4 4 5 2 2 3 1 5 5 5 2 3 3 2 3 3 2 2 4 5 4 1 5 1 3 4 4 3 5 1 1 3 4 2 2 1 5 2 2 1 3 5 5 1 1 3 5 4 1 3 4 5 5 3 5 5 3 1 2 4 1 5 4 1 1 5 3 2 3 4 4 5 5 4 2 1 3 1 4 3 1 4 4 5 4 1 4 3 1 3 2 3 2 5 5 4 1 3 1 3 3 1 4 3 4 3 5 1 3 5 4 5 1 4 5 4 4 5 1 4 2 4 3 5 5 3 4 2 5 1 4 4 1 5 1 5 2 2 2 1 2 2 1 2 1 2 2 4 1 4 5 5 3 4 4 4 1 2 1 2 2 1 1 5 2 3 4 3 5 2 1 3 4 3 1 1 4 2 1 1 5 5 5 4 4 1 5 1 2 5 3 1 2 5 5 4 2 5 3 3 1 3 2 1 2 2 3 2 3 4 3 5 3 4 3 3 4 4 4 3 3 3 3 2 2 4 5 5 3 4 5 5 4 1 3 5 3 5 2 2 3 1 1 3 4 1 5 5 4 5 2 4 4 1 5 5 4 1 2 3 1 1 2 4 1 4 4 5 4 2 2 3 2 2 5 2 4 2 3 5 3 1 3 2 1 4 3 1 1 4 3 1 4 2 5 2 5 5 1 5 1 2 3 4 1 2 2 1 5 2 5 3 2 2 4 5 2 1 5 2 2 5 3 2 1 4 3 2 3 1 2 5 4 1 5 4 4 1 2 4 2 1 3 1 5 1 5 3 3 1 5 1 5 4 3 2 2 5 4 1 2 2 5 1 4 4 1 2 1 2 2 5 5 4 5 4 1 4 3 4 1 2 1 1 2 3 2 3 5 2 5 1 5 1 1 3 1 2 2 2 5 3 3 4 4 2 4 4 2 2 4 2 3 5 4 2 4 3 4 3 4 1 1 1 1 3 3 2 4 1 5 4 1 2 4 4 5 3 4 1 4 3 4 3 4 3 4 2 5 5 2 3 5 2 5 2 4 3 3 5 5 2 5 5 5 3 3 4 2 2 4 5 1 5 5 4 2 3 5 1 4 3 5 5 4 5 2 5 4 1 1 3 5 5 3 4 4 2 3 1 5 3 2 5 2 3 3 5 3 5 5 1 4 5 3 3 1 4 4 4 4 4 3 5 5 5 4 5 4 3 2 3 2 1 3 1 3 2 5 5 3 2 3 2 3 5 1 3 3 4 3 3 4 5 3 5 2 
803
4 5 2 1 2 5 3 1 5 5 3 2 5 5 5 2 1 2 3 3 1 5 1 5 4 1 4 3 5 2 2 1 1 3 3 5 3 5 5 4 4 4 2 5 4 1 3 1 4 5 4 4 1 1 3 5 2 4 4 3 5 1 3 3 3 5 2 2 4 3 3 5 2 4 4 2 2 4 4 5 3 4 1 1 5 3 2 3 3 5 5 3 2 3 5 2 2 3 3 1 2 2 2 3 1 5 1 4 3 5 3 3 3 3 5 4 3 1 1 5 2 1 4 4 3 3 5 1 2 4 3 4 3 4 3 5 1 4 3 5 5 5 4 2 5 3 1 4 5 3 3 2 3 2 2 2 1 3 3 5 3 2 3 5 1 2 4 1 5 1 2 1 3 1 3 4 3 5 2 3 2 4 1 2 2 2 3 3 1 2 4 3 4 1 3 1 4 3 3 1 4 4 1 3 4 3 1 4 4 2 1 1 2 3 4 4 4 1 3 1 5 1 3 5 3 2 5 3 5 4 3 5 2 4 4 3 3 4 1 2 2 3 4 5 5 2 5 5 4 2 2 3 4 4 2 3 3 3 1 4 1 3 3 5 1 3 4 1 3 1 2 4 3 5 5 4 3 5 5 1 3 1 4 2 1 2 1 3 5 3 1 2 3 5 3 5 2 1 5 4 1 1 4 5 2 4 5 4 3 1 5 5 1 5 3 2 1 1 1 2 3 4 4 5 3 3 5 2 4 4 2 1 2 1 3 3 1 2 2 3 3 3 4 5 4 4 3 4 4 4 3 3 4 3 5 1 5 4 2 3 4 1 1 5 1 3 3 1 1 1 5 3 5 5 5 3 5 2 3 5 2 5 3 5 2 2 3 2 2 1 1 5 1 1 2 3 5 1 3 1 1 4 5 5 1 4 4 5 3 1 2 1 1 4 1 2 2 5 5 5 5 3 1 1 3 2 3 3 2 3 5 4 3 4 5 5 5 3 2 2 1 3 2 1 3 4 4 1 3 1 5 3 3 5 5 5 4 4 4 2 1 5 1 1 4 2 5 5 2 3 1 2 5 4 2 2 3 2 4 2 2 3 1 4 5 5 1 5 4 1 1 1 3 3 3 3 5 5 2 3 2 4 4 2 2 5 5 1 3 4 5 5 3 5 5 4 2 2 3 5 5 1 2 2 5 2 4 4 1 5 1 2 3 1 5 1 2 5 4 5 5 3 1 4 2 5 5 3 4 4 4 3 4 3 4 4 4 2 4 1 3 2 2 2 2 4 2 4 5 5 5 1 2 5 4 1 1 3 5 4 4 4 3 2 3 1 2 1 4 3 3 1 4 4 4 2 4 1 2 3 2 1 3 1 5 4 1 3 3 5 1 1 5 4 5 2 1 3 4 5 5 1 2 5 2 1 4 5 3 5 5 4 1 2 1 2 5 1 4 3 3 2 5 4 2 4 1 2 2 1 3 3 2 5 3 5 2 1 1 1 2 5 4 2 2 5 1 3 2 1 2 1 2 4 5 3 2 5 5 5 2 2 3 3 3 2 4 1 4 5 1 5 4 2 4 2 3 1 2 4 1 3 2 3 1 1 2 5 2 1 4 3 5 3 3 4 4 1 5 4 5 2 4 1 3 4 2 5 4 3 1 4 3 2 3 5 4 5 4 5 2 5 4 3 2 1 2 3 4 3 3 5 4 3 5 4 1 4 5 1 3 5 5 5 3 4 5 1 3 5 5 5 4 1 4 3 1 5 2 4 4 4 1 5 2 5 5 4 3 4 5 3 4 1 2 1 4 3 4 2 3 3 3 
48
3 1 2 1 3 3 1 3 4 1 2 2 3 3 5 2 2 1 4 5 1 3 2 5 5 5 1 4 5 5 4 4 2 5 1 4 5 4 4 5 4 2 1 3 5 2 5 1 
490
3 2 5 5 3 4 2 5 1 5 1 2 3 1 4 5 2 2 1 5 2 5 5 4 2 3 3 5 2 3 4 1 4 4 3 3 4 4 2 2 5 4 3 5 5 1 1 3 5 1 4 1 5 3 4 3 2 1 2 3 3 3 1 3 1 3 1 1 3 4 2 2 3 5 3 4 2 3 1 1 3 4 4 4 1 2 1 3 5 5 2 4 2 4 2 4 3 2 4 5 2 3 4 4 4 1 2 5 4 4 3 3 2 1 2 5 4 4 4 3 3 2 2 1 1 3 4 3 1 5 5 4 4 3 3 2 5 1 3 3 2 5 3 5 2 4 4 1 4 4 3 2 3 4 2 5 3 3 4 5 4 3 4 2 2 3 3 2 5 5 4 1 2 3 1 3 3 1 3 2 2 3 5 4 1 1 3 1 5 1 5 3 1 3 4 2 2 3 3 2 5 4 2 1 1 4 5 4 2 5 5 3 2 4 3 4 1 5 4 3 2 1 5 2 5 1 1 2 3 3 3 2 3 1 4 4 2 1 4 3 5 5 2 1 5 4 1 5 5 5 4 1 2 1 5 1 1 5 4 5 4 1 2 2 4 2 2 2 2 5 1 1 4 2 3 3 5 4 4 4 5 5 1 1 5 2 3 5 1 2 4 2 4 2 5 4 4 1 2 2 5 2 5 5 3 2 4 4 2 4 4 3 3 2 5 2 3 3 1 1 1 2 2 4 3 1 5 3 1 1 2 2 3 1 3 2 2 1 3 1 4 1 3 2 2 3 3 2 2 1 2 2 4 3 2 3 5 3 1 2 4 4 3 3 4 2 4 2 2 3 2 2 1 5 3 4 4 3 5 2 5 1 5 3 3 1 5 4 4 2 5 4 5 4 1 3 5 1 5 1 4 3 5 1 4 4 4 2 1 4 5 2 4 4 4 4 5 1 2 5 2 4 5 4 2 5 3 2 2 4 4 2 2 3 2 5 2 3 4 4 1 3 1 1 2 1 1 3 1 5 4 5 3 3 5 1 4 2 2 2 1 3 4 4 2 2 5 3 4 5 4 1 5 1 4 1 1 4 5 4 5 5 5 4 2 4 5 2 5 1 
258
2 5 3 2 2 5 4 4 5 3 4 1 2 4 4 4 2 4 5 2 4 4 1 4 2 4 3 3 5 4 3 4 3 5 2 4 1 5 5 1 3 5 1 1 1 1 5 4 1 4 5 1 5 5 5 1 5 2 1 1 2 5 1 2 4 3 2 5 2 3 2 1 3 4 2 5 4 3 3 1 3 4 2 2 5 3 5 4 4 5 1 1 4 2 4 4 1 5 5 4 3 1 5 2 4 3 3 4 5 5 5 2 3 3 1 4 5 5 4 5 4 4 2 4 2 5 2 2 5 2 1 4 4 5 2 3 4 4 3 3 5 4 1 2 1 1 5 2 5 5 2 5 3 3 3 5 5 2 3 1 5 3 4 3 4 5 2 2 5 5 1 4 5 4 2 3 4 3 4 1 2 2 2 4 2 5 5 1 3 3 3 2 2 1 1 1 2 5 4 3 4 2 1 5 5 2 2 5 1 3 5 2 4 2 2 2 3 2 4 2 1 1 5 2 3 5 4 1 4 3 3 4 1 3 4 5 1 2 4 1 4 1 2 5 4 4 3 3 2 2 4 2 4 3 5 2 4 4 
444
5 3 2 5 3 1 5 4 2 2 2 2 2 4 1 1 2 1 4 4 2 2 4 5 5 3 1 3 2 1 2 3 5 5 2 4 5 4 2 1 2 1 5 3 4 5 4 3 2 4 3 5 5 2 1 1 4 1 1 2 4 2 1 3 1 3 2 5 3 5 3 4 5 2 1 1 3 1 5 4 4 2 3 5 5 3 1 1 5 1 2 3 4 3 3 1 2 4 2 4 5 4 4 5 5 4 2 4 2 1 2 5 2 1 2 4 3 4 4 5 1 5 2 1 4 4 1 5 4 2 5 4 3 3 5 4 4 3 3 5 3 4 1 1 5 4 4 4 2 2 3 4 4 2 4 2 2 4 4 3 3 5 3 5 3 2 5 3 4 2 4 3 1 1 3 2 5 4 5 3 5 5 2 3 1 5 5 4 1 5 1 5 4 3 1 3 1 5 5 1 2 3 3 2 1 3 5 5 1 1 2 5 5 3 5 2 5 1 3 5 5 3 4 3 3 4 3 3 3 2 1 4 2 3 2 2 2 3 3 2 4 4 4 5 4 5 4 3 5 1 4 1 3 2 5 2 2 2 2 1 1 2 2 2 1 5 5 3 3 2 1 1 2 1 2 5 5 5 2 1 5 5 1 5 3 3 3 4 4 4 2 4 5 3 2 1 2 3 5 4 1 5 1 3 1 3 2 2 4 1 3 1 2 5 2 2 2 4 2 3 3 3 3 4 5 5 4 2 4 5 2 5 5 3 4 2 2 5 5 2 2 2 2 1 4 5 2 2 4 3 4 3 3 2 3 2 3 4 5 3 3 4 2 2 3 5 5 1 2 5 2 5 3 1 5 1 5 3 5 5 1 3 4 5 1 2 3 3 5 3 1 2 3 4 1 5 4 2 5 2 1 3 1 1 3 3 3 5 5 2 4 2 5 5 1 2 1 4 5 2 3 2 5 5 2 2 1 5 4 2 3 1 1 1 1 4 3 1 5 2 2 5 4 3 
784
1 5 1 1 1 2 3 2 4 4 3 5 1 5 5 2 4 1 5 4 3 3 1 3 4 5 2 3 3 4 2 5 3 4 1 5 3 5 3 1 4 1 2 1 2 2 5 2 4 4 1 3 3 3 3 1 2 4 3 1 4 1 1 4 5 1 3 4 5 1 4 5 3 2 1 1 3 5 2 3 5 2 3 2 5 5 2 3 3 1 4 3 2 4 1 3 1 4 1 2 1 1 4 3 2 4 5 2 5 1 4 1 5 1 2 1 2 3 3 1 3 1 4 1 1 4 5 1 4 2 5 4 2 3 3 4 3 2 2 2 5 2 2 4 5 5 4 1 2 3 2 1 4 2 4 4 2 5 2 1 2 1 1 3 3 1 3 5 2 4 3 1 1 1 1 5 5 4 2 3 4 5 5 2 1 5 2 3 5 3 5 1 5 5 5 2 5 3 3 4 3 5 1 5 2 2 1 3 2 3 5 5 2 2 1 3 1 5 2 2 4 1 2 4 2 4 5 2 1 5 2 5 4 2 5 3 3 5 5 5 4 2 4 1 3 2 5 5 1 3 2 1 3 5 4 4 3 1 2 5 5 3 5 5 2 1 2 4 2 2 5 1 3 1 3 2 2 4 1 4 1 4 4 5 4 5 3 1 5 2 3 1 1 2 5 2 4 4 3 5 5 2 2 4 2 1 2 5 4 2 5 1 3 1 5 1 5 5 3 1 1 5 1 3 3 2 5 1 5 4 3 1 5 1 1 4 2 2 5 2 1 2 3 3 2 4 3 3 3 2 5 5 2 2 3 1 3 4 4 3 2 1 3 3 1 4 3 4 5 3 1 2 1 5 4 4 3 1 1 1 5 2 2 1 3 1 3 5 1 1 2 4 1 2 2 4 2 1 2 1 5 4 3 5 3 3 3 1 1 5 3 5 1 1 5 3 2 4 5 2 5 3 1 5 4 4 5 5 4 4 3 1 2 2 5 5 4 3 2 1 4 4 5 5 4 1 4 2 5 5 4 4 3 1 5 3 4 2 5 4 5 4 4 1 5 1 2 5 3 3 1 1 3 2 2 4 3 3 5 2 2 3 2 4 5 1 4 5 2 3 4 3 1 4 4 2 4 2 3 3 2 5 1 4 2 2 2 4 4 2 2 3 1 3 3 1 5 1 5 4 5 5 1 2 1 1 3 4 3 3 2 1 2 4 4 5 5 3 5 1 1 3 5 1 2 2 3 2 3 5 5 4 1 2 1 1 3 5 5 2 4 3 2 1 1 2 2 2 4 2 4 4 1 3 2 3 2 4 4 1 5 5 4 1 1 1 1 5 1 2 1 4 1 4 1 3 1 5 5 4 1 5 5 1 5 1 3 1 1 3 3 3 4 1 3 5 2 3 1 4 2 2 2 2 5 5 5 5 4 1 1 1 2 2 3 1 2 3 3 4 5 5 1 4 3 3 5 4 3 5 4 1 3 5 2 5 1 1 4 4 3 1 1 5 2 4 5 5 1 5 1 2 1 1 5 3 1 1 3 5 1 1 5 5 3 3 4 3 1 5 4 3 5 4 2 4 2 4 5 4 3 5 1 3 1 2 3 3 3 5 2 5 1 3 4 3 5 3 5 5 2 5 3 3 4 1 1 2 4 3 1 3 2 3 3 2 4 5 4 1 4 2 2 1 4 1 3 1 5 5 5 3 1 4 5 4 2 3 3 2 5 5 2 1 2 4 5 5 5 5 3 5 2 1 1 2 1 5 2 2 1 4 4 2 
849
1 5 2 3 4 4 4 3 5 1 4 5 5 1 4 2 5 3 5 5 5 1 3 5 5 4 2 5 5 3 5 5 5 2 4 3 5 2 3 4 4 1 3 1 3 3 2 2 5 1 4 2 3 1 1 2 1 4 3 5 2 3 4 1 4 4 5 3 5 2 3 1 3 5 1 2 2 2 1 3 2 4 4 4 4 1 3 4 5 5 1 3 2 1 3 5 5 2 4 1 4 1 1 3 2 1 1 3 2 1 3 5 4 3 1 4 1 3 5 2 4 5 4 1 5 1 2 1 4 1 2 4 1 2 3 3 5 4 2 3 1 1 3 5 4 5 5 1 2 4 2 2 5 5 2 2 2 1 2 2 1 3 1 3 2 5 5 1 5 4 3 1 4 2 2 4 1 1 4 4 2 2 1 1 1 4 4 4 1 1 1 1 5 3 4 3 4 5 3 4 3 3 4 4 1 2 4 4 2 3 4 5 4 1 3 2 5 1 2 5 3 4 3 5 1 3 2 2 2 2 5 2 1 5 2 1 1 5 4 4 4 3 4 5 3 1 3 4 1 4 1 1 3 5 5 5 2 1 1 5 4 5 1 4 1 4 5 1 4 5 5 4 4 5 3 4 5 5 4 2 4 1 2 3 5 3 2 1 1 5 3 4 4 3 3 2 4 4 2 2 5 3 5 1 2 5 4 1 4 2 5 4 3 3 3 4 1 5 2 1 4 4 1 4 3 5 5 1 3 4 4 5 1 1 5 5 5 3 2 5 1 1 4 5 1 3 4 1 2 2 3 2 5 5 3 2 5 4 3 2 2 1 3 5 1 2 1 2 1 2 2 2 5 2 3 5 4 3 5 3 4 4 1 3 3 3 5 2 2 4 1 5 1 3 1 2 2 1 5 2 3 3 5 2 4 5 3 5 2 4 4 3 2 4 2 1 4 3 5 2 1 5 1 2 4 4 5 5 4 1 4 3 4 3 1 4 2 3 5 1 1 3 5 4 2 1 5 2 1 4 3 1 5 3 4 5 1 5 2 2 1 5 4 4 4 5 4 3 4 4 5 5 1 4 3 4 1 4 5 1 4 2 4 5 2 2 5 4 2 3 5 4 4 1 4 2 2 2 1 5 5 5 1 3 3 4 1 1 2 3 1 3 4 4 2 2 1 1 1 4 5 2 4 3 2 2 2 5 3 2 5 5 2 2 2 1 5 2 1 4 4 4 1 5 2 2 1 4 5 3 4 4 5 2 4 3 5 5 5 3 1 1 4 4 2 5 2 4 3 4 2 4 2 4 3 4 2 5 4 3 3 3 4 4 1 2 3 1 1 2 5 3 2 3 4 1 2 5 4 1 3 5 4 2 5 3 2 3 5 5 1 2 4 4 2 5 5 1 5 2 5 4 4 3 3 4 3 1 3 1 1 3 2 2 4 1 4 2 1 3 1 1 1 2 4 4 1 5 5 2 3 1 2 3 3 4 2 1 1 1 1 1 3 5 4 3 2 5 4 2 4 2 2 5 3 2 5 3 3 1 1 5 1 2 5 4 5 1 4 5 1 1 2 1 5 3 3 2 2 4 5 5 5 2 1 2 5 1 1 5 1 1 1 4 2 5 2 3 5 2 4 3 4 2 3 4 4 2 2 5 5 3 5 1 1 5 2 1 2 4 5 5 1 5 3 4 5 1 3 1 4 1 5 2 5 4 2 5 1 5 5 2 3 1 3 3 2 1 3 4 5 4 5 2 1 2 1 2 4 3 4 2 1 4 3 2 2 5 1 4 4 5 1 3 2 5 1 4 5 5 4 1 4 3 3 1 1 5 2 4 4 5 5 4 5 4 2 4 3 3 2 4 2 4 1 1 3 1 1 5 3 4 2 3 3 1 3 3 5 4 3 1 5 2 4 5 5 1 3 
705
5 1 3 3 5 5 3 4 3 3 5 5 3 2 2 5 4 4 4 4 4 1 4 3 4 4 4 4 1 1 5 5 2 2 3 3 3 2 3 5 5 5 1 2 3 2 4 1 2 2 1 2 5 4 5 3 5 5 3 2 1 2 4 4 5 3 3 3 4 5 2 5 4 5 4 3 1 2 4 5 5 4 1 1 5 2 4 1 2 1 2 4 3 2 2 2 4 4 1 5 5 3 4 1 4 2 3 4 5 1 5 2 2 1 4 1 4 2 1 2 5 2 5 4 1 3 2 4 3 3 3 3 2 4 5 5 2 4 5 4 5 5 2 1 2 5 3 5 4 3 2 3 1 3 1 1 1 2 2 3 4 4 2 2 4 1 1 1 5 1 1 1 5 2 3 3 1 5 2 4 4 5 3 4 3 3 5 5 2 1 2 2 1 4 4 2 4 1 2 5 1 2 5 2 5 4 4 5 3 3 1 1 2 3 2 1 1 3 5 4 3 4 5 5 2 5 1 2 1 4 4 1 2 5 5 1 4 3 1 3 5 1 1 2 5 2 4 5 4 1 5 3 4 5 4 2 4 5 3 1 5 3 4 2 3 3 2 1 5 4 3 5 1 3 3 1 1 3 2 4 3 2 3 1 3 2 2 3 3 2 4 2 4 2 5 3 4 4 3 3 2 3 4 3 2 3 5 3 1 1 3 3 2 1 1 4 2 4 4 4 2 2 2 3 3 2 5 3 5 5 2 3 2 1 2 5 3 1 2 5 4 5 5 2 5 5 3 3 5 1 3 2 2 4 1 1 2 2 3 3 1 4 3 4 1 4 4 1 2 5 5 5 1 4 1 5 5 3 2 5 5 4 3 1 5 5 3 3 1 5 1 4 1 5 2 1 3 2 1 4 4 1 5 4 1 3 4 1 2 2 2 2 3 4 2 4 5 5 1 5 1 3 3 1 2 2 4 2 3 4 2 1 1 2 2 4 1 5 4 2 3 2 3 2 2 2 5 1 3 3 5 3 2 5 1 1 3 1 2 5 1 5 3 2 1 4 2 3 5 5 5 4 1 2 1 2 5 2 4 2 1 3 2 5 4 4 5 1 4 1 3 4 5 5 2 3 5 3 5 4 4 1 4 4 3 1 2 4 5 5 1 5 5 2 1 5 2 5 1 5 2 5 3 4 4 5 3 5 2 4 5 1 5 3 1 4 4 5 2 5 1 4 1 2 5 2 2 3 1 2 2 3 1 5 1 1 1 5 2 4 3 1 1 2 3 4 5 3 3 2 2 5 5 3 2 2 4 3 4 1 1 3 5 3 4 5 5 4 1 1 4 4 1 5 5 5 3 5 5 2 3 3 3 4 2 4 2 2 3 3 3 5 5 2 4 3 4 3 3 4 5 1 2 2 2 2 4 1 3 3 4 2 2 2 5 4 2 4 5 2 1 4 1 5 1 5 4 1 4 1 1 1 3 3 2 5 1 2 5 5 4 4 3 3 5 2 1 3 2 2 4 2 1 5 3 3 1 1 3 1 3 5 1 1 4 5 5 1 1 1 5 2 4 2 4 5 1 1 3 2 2 1 1 2 2 
418
1 4 1 5 5 3 5 2 3 3 3 4 4 1 5 5 2 5 4 2 5 4 2 2 2 5 2 2 4 4 5 4 2 5 4 3 4 5 2 4 2 4 4 2 1 3 2 2 5 5 5 4 5 3 5 3 3 3 5 1 1 1 4 5 2 4 4 5 3 2 5 2 1 4 3 3 3 1 2 2 2 1 5 3 4 1 1 1 4 2 3 1 2 3 2 5 2 1 1 4 2 1 2 4 1 5 2 3 2 3 2 4 5 1 1 5 4 1 2 2 4 4 4 5 2 1 4 3 3 2 3 1 2 2 2 2 1 5 1 2 2 2 2 3 5 3 3 3 5 4 4 4 3 2 5 1 4 1 5 1 2 4 2 5 5 3 3 5 2 3 4 5 5 5 4 4 4 1 3 1 2 1 1 1 4 2 1 3 2 5 5 5 3 1 4 5 5 1 1 3 1 4 4 2 1 3 5 1 3 2 3 1 4 5 1 4 2 1 3 5 2 3 5 2 5 5 1 5 3 1 4 3 2 3 1 4 5 5 4 4 3 4 5 3 3 5 3 4 3 1 4 1 3 5 2 4 1 4 5 3 2 4 2 5 1 2 3 2 3 3 5 2 1 1 1 4 3 4 4 2 4 4 2 3 3 1 1 4 1 1 3 2 1 5 1 1 3 5 4 1 3 5 4 5 1 5 5 5 3 4 1 3 2 2 5 2 4 5 2 5 2 4 3 2 5 1 4 3 5 2 5 4 4 5 4 1 4 3 5 3 3 2 5 2 5 4 3 4 1 4 3 2 4 2 1 1 2 1 5 2 5 4 2 3 3 5 3 4 5 4 1 2 5 1 3 4 1 2 4 1 2 3 5 1 5 2 1 1 2 5 4 1 5 1 3 4 2 2 2 1 5 5 5 1 5 4 2 5 1 5 3 2 3 2 4 2 3 1 
159
4 2 3 2 3 5 4 4 1 3 2 4 4 1 5 5 2 3 3 2 3 2 1 2 1 2 2 2 1 5 3 1 1 2 2 1 1 3 4 3 2 5 3 5 3 2 1 4 5 5 2 4 2 2 2 2 5 4 1 5 3 3 3 5 4 1 5 1 5 5 5 3 5 3 3 4 4 5 2 5 5 4 1 3 5 2 1 5 5 1 1 4 5 5 4 5 1 5 5 2 5 5 5 1 4 4 4 4 5 5 4 1 5 1 3 5 2 4 1 2 1 1 2 1 3 5 5 5 2 2 1 3 3 2 3 1 5 3 4 2 4 4 2 4 4 2 5 3 2 5 4 2 2 2 4 4 4 4 5 
595
2 1 2 4 2 1 4 4 5 4 5 3 5 3 3 5 4 2 2 5 1 2 2 5 4 2 5 2 2 5 1 3 2 4 1 5 1 1 3 5 2 4 2 1 2 5 5 5 3 2 2 1 3 3 5 3 4 1 4 3 5 1 5 1 4 3 1 4 3 5 5 4 4 2 1 2 3 1 3 5 4 4 5 3 3 1 1 2 2 4 4 3 2 5 1 2 2 3 3 2 2 2 2 2 5 3 3 2 5 1 4 3 1 5 2 4 3 2 2 1 3 2 3 4 1 5 5 3 2 2 1 1 4 2 2 3 4 2 2 3 4 5 2 4 1 4 2 3 2 3 3 4 4 3 2 2 2 4 4 4 2 1 4 5 2 2 5 1 3 3 5 1 4 2 2 4 2 3 4 3 3 1 2 1 3 5 2 2 5 2 5 2 2 3 3 4 1 4 1 4 1 5 1 4 3 2 5 4 5 3 2 4 5 5 4 3 1 3 4 1 1 5 2 5 4 1 5 4 5 5 2 5 1 5 4 4 1 5 2 2 2 5 5 1 4 4 5 2 3 5 2 3 4 5 4 4 5 3 3 4 2 1 4 3 5 4 3 1 5 1 4 1 1 4 3 1 4 3 2 1 2 5 5 3 4 4 3 4 3 5 4 5 3 4 4 2 4 3 4 3 3 3 3 5 3 3 1 1 5 4 3 3 4 4 2 2 4 5 2 2 1 1 3 3 1 3 2 5 5 2 4 2 1 4 2 3 1 4 3 5 2 2 4 5 1 1 4 4 2 5 5 2 2 2 5 5 4 3 4 5 4 4 4 5 2 5 4 2 5 4 3 1 5 2 3 5 4 1 4 5 2 5 1 1 4 2 5 4 4 5 4 5 3 2 1 5 3 4 3 4 2 1 4 2 4 3 3 4 3 3 3 2 3 5 2 3 4 1 1 4 5 1 3 2 4 3 3 3 2 1 1 5 1 2 3 1 4 1 4 4 3 3 5 2 2 1 4 2 3 2 1 2 2 3 5 3 1 3 5 4 5 1 3 2 2 1 2 5 3 5 3 2 4 4 4 5 4 4 2 3 2 2 1 1 1 1 3 3 5 2 1 4 2 1 5 5 3 3 5 5 4 4 1 2 3 1 3 3 2 4 3 3 2 3 5 5 3 2 2 4 4 5 2 2 2 3 2 4 5 3 5 5 3 2 1 2 3 4 2 1 4 4 3 3 1 5 2 1 1 5 4 1 4 3 5 5 5 3 5 2 2 4 1 4 1 4 3 5 4 4 5 2 4 4 1 4 3 4 4 4 4 5 1 2 2 5 4 3 2 3 4 3 2 2 4 
727
2 1 3 5 4 2 3 2 5 4 2 5 2 3 3 2 2 5 4 5 5 2 2 1 1 3 1 2 1 4 5 2 4 2 3 4 3 2 5 5 5 3 4 4 5 3 5 3 2 5 2 3 3 4 4 4 3 4 5 3 4 2 1 2 3 5 5 3 1 1 4 3 3 4 1 3 1 2 2 4 4 4 2 1 4 2 1 1 2 3 5 5 4 2 1 3 1 2 5 1 2 5 3 1 3 5 5 5 4 2 4 2 5 2 4 5 3 5 2 1 2 1 5 5 2 2 2 2 5 4 4 1 3 2 3 1 3 3 2 1 4 5 4 5 1 3 4 5 4 5 5 5 2 1 1 3 2 4 1 1 4 4 3 4 2 1 1 5 3 2 2 3 2 1 2 4 5 5 1 3 1 5 4 2 1 1 1 4 4 1 5 5 1 4 3 3 4 3 4 3 4 2 5 5 2 1 1 3 2 1 2 4 2 2 5 2 2 5 1 3 2 2 2 5 5 1 2 1 3 2 3 1 3 5 3 2 2 5 1 4 5 3 2 1 1 4 5 5 5 5 2 4 3 5 3 4 5 1 4 4 2 4 4 4 5 3 2 1 2 3 4 1 2 3 4 2 3 3 1 4 4 4 2 3 5 4 1 4 4 2 2 2 2 3 3 1 5 4 1 4 3 2 4 4 1 4 3 3 1 5 1 1 4 5 3 3 3 4 4 4 5 2 5 1 1 4 3 3 3 3 1 2 4 1 1 1 5 5 3 5 4 1 1 2 5 5 2 4 3 2 2 4 3 4 1 1 2 3 3 1 1 3 3 1 3 5 2 2 1 1 4 4 1 1 3 2 5 4 1 5 2 4 3 1 2 1 1 1 3 3 3 5 2 5 3 5 1 4 3 1 1 1 2 4 3 4 5 3 4 2 2 5 1 1 5 4 1 3 4 1 2 2 5 4 3 2 3 1 2 5 3 3 3 4 3 5 2 2 4 2 1 2 1 1 5 3 1 5 2 5 2 3 3 2 1 2 5 5 2 2 2 2 1 4 5 3 5 4 1 1 2 1 2 5 3 1 4 4 3 5 5 4 2 2 2 3 5 2 4 4 3 5 5 5 5 1 2 5 1 4 5 3 5 3 2 4 1 5 4 5 4 3 3 2 1 2 1 1 3 5 1 2 4 5 1 4 5 4 5 1 2 1 5 3 5 1 2 5 2 5 4 5 5 4 1 5 5 2 2 4 3 2 5 1 3 2 1 5 5 2 2 1 4 1 1 4 3 2 3 4 3 4 3 2 4 5 4 5 3 2 3 5 1 4 3 3 5 5 2 1 2 5 3 5 5 3 5 2 1 3 5 1 3 4 2 1 1 2 5 3 1 4 5 3 2 4 5 3 3 4 5 1 3 2 3 5 2 2 1 2 1 3 2 3 1 1 5 1 4 4 1 1 2 2 3 5 2 5 2 1 5 1 2 4 5 1 3 1 4 1 4 5 3 3 4 5 5 4 3 3 4 3 4 3 1 3 2 2 2 1 2 1 3 5 5 2 2 2 4 1 2 5 2 1 2 5 1 1 5 3 5 4 2 5 3 4 3 4 5 4 1 3 2 4 5 1 2 1 4 3 1 3 2 2 3 3 4 
215
5 3 2 4 3 5 4 5 3 3 1 4 1 3 2 2 3 3 4 5 3 3 2 1 5 5 4 4 2 2 4 3 2 2 1 1 4 1 3 1 5 5 2 3 2 5 1 5 2 5 1 4 2 4 1 3 3 5 1 1 3 1 3 4 3 5 2 1 3 4 3 2 3 4 1 1 3 2 5 1 1 2 5 4 5 5 1 4 1 3 4 4 4 3 2 3 5 5 5 4 3 2 2 5 3 3 1 5 4 2 3 4 1 2 4 5 3 4 1 4 3 1 2 3 1 5 5 5 5 4 5 4 3 1 1 5 3 3 1 3 1 3 1 1 1 4 3 4 4 3 4 4 3 2 1 3 3 3 4 4 1 3 3 3 1 3 4 5 5 5 3 5 2 5 3 3 1 5 3 4 2 3 4 1 4 5 1 1 4 1 5 4 1 4 4 1 1 4 5 2 3 2 3 2 4 5 1 4 1 5 4 2 2 3 5 
205
4 5 5 2 5 1 2 5 4 2 2 1 1 2 4 5 5 2 1 5 3 3 3 4 2 2 2 3 1 1 2 4 2 4 2 2 1 3 3 5 5 5 5 2 3 4 1 4 2 4 4 1 1 1 1 3 4 5 5 4 5 4 2 2 2 5 5 2 3 2 3 4 3 5 5 5 5 2 4 3 5 2 3 1 4 1 5 3 5 4 1 4 4 5 2 2 4 1 1 3 5 3 3 2 2 4 2 3 1 2 5 2 5 5 2 3 5 1 2 4 2 5 4 5 1 1 2 4 3 2 4 4 1 1 1 5 5 4 2 2 5 2 3 1 1 5 5 5 2 2 5 5 1 3 5 1 5 3 1 5 1 1 3 1 2 5 5 3 3 2 4 4 5 1 1 5 2 1 1 1 2 5 5 4 4 1 1 4 5 1 3 5 2 2 3 5 2 4 2 1 2 5 2 1 5 
902
2 4 4 2 4 5 3 3 5 2 1 5 5 5 3 4 5 1 2 2 5 3 2 3 1 4 4 4 4 5 2 1 3 1 4 1 5 2 1 2 3 1 1 4 5 5 4 1 5 5 4 1 5 1 5 2 4 3 5 2 3 1 4 5 1 3 3 3 1 3 4 3 5 1 3 1 1 1 2 2 5 5 5 1 2 4 2 5 2 1 4 1 4 4 5 4 1 4 3 1 3 3 5 2 4 2 3 1 4 1 4 1 2 3 1 4 2 3 5 5 5 5 5 3 4 1 4 1 2 1 4 4 1 3 3 4 2 2 1 5 2 4 5 5 4 1 3 2 5 5 3 4 4 2 2 2 4 2 5 2 2 3 1 2 2 5 2 3 1 4 5 4 5 1 3 3 3 3 4 2 2 3 3 5 4 4 4 4 5 5 1 3 2 3 2 3 2 5 3 4 1 2 2 5 4 4 4 2 3 4 3 4 1 5 1 1 5 1 1 1 5 1 1 1 5 4 5 3 5 2 1 5 5 2 4 4 3 4 5 5 2 4 1 2 1 1 4 2 1 5 5 2 2 5 2 2 3 3 4 4 2 2 4 1 3 4 1 2 3 2 4 1 1 4 3 3 1 3 4 1 2 3 4 4 4 5 5 3 4 5 2 5 1 5 1 1 3 3 4 2 5 2 3 5 2 2 4 2 4 2 4 1 2 2 4 5 3 5 5 2 1 1 1 2 2 3 4 1 1 2 3 5 4 5 1 5 3 1 4 1 2 2 3 5 4 3 2 1 2 1 4 5 3 5 1 4 4 1 4 4 2 3 5 2 4 2 2 1 2 5 4 1 3 1 5 1 4 3 4 2 5 2 1 2 3 3 2 2 3 3 2 2 2 2 3 1 5 1 3 2 2 1 2 5 2 3 2 2 3 5 3 2 4 1 1 1 5 4 2 5 1 4 1 5 2 3 5 3 4 2 4 2 3 2 1 1 2 3 4 1 4 1 2 2 3 4 3 3 3 1 2 5 1 4 4 2 1 5 2 1 4 5 3 3 4 5 3 2 4 1 2 3 3 5 4 3 4 1 2 3 4 5 4 4 3 5 3 5 4 4 3 2 5 2 4 3 1 3 4 5 5 5 4 5 5 2 4 5 5 5 2 3 4 2 3 3 1 5 2 2 3 1 5 3 2 4 2 5 3 3 1 5 4 4 1 5 2 4 4 3 5 2 5 5 4 3 2 1 4 5 2 2 1 2 1 2 2 2 3 1 4 3 2 3 1 2 2 5 5 3 2 1 1 4 5 1 3 1 2 1 1 5 4 3 1 4 1 4 3 4 2 3 1 3 2 4 5 1 5 1 3 1 2 3 4 1 1 1 4 2 4 1 1 2 3 4 1 3 4 5 3 5 2 1 3 4 4 2 1 5 4 3 5 5 2 4 1 2 1 4 5 4 1 3 1 3 3 3 2 1 2 5 1 5 5 5 5 5 3 5 4 1 4 3 1 3 3 3 1 1 3 3 4 3 5 1 5 2 5 1 4 3 2 1 3 1 5 4 5 2 4 5 3 4 3 3 1 2 2 4 2 4 1 1 1 2 3 2 3 3 4 3 5 1 4 4 3 3 3 3 2 3 2 4 1 1 3 4 3 1 4 1 4 4 3 1 2 1 4 4 5 2 3 4 4 1 3 2 1 2 1 2 4 2 2 1 5 1 4 4 1 4 4 4 4 2 1 5 4 4 3 3 2 3 1 3 3 5 4 3 1 4 1 4 2 2 5 3 4 5 1 4 4 2 4 4 3 4 4 3 4 3 5 3 5 2 5 3 2 5 2 4 5 5 3 1 3 4 1 2 5 3 5 5 4 4 4 3 4 2 5 5 4 1 2 4 3 3 3 1 2 1 4 1 2 3 3 5 3 3 1 3 1 2 4 4 5 2 4 1 5 3 5 1 4 1 1 3 3 3 3 1 5 1 1 2 4 5 3 3 3 3 5 5 1 4 5 3 2 3 3 4 3 4 4 3 4 4 5 3 3 2 
523
2 4 5 5 4 4 2 2 3 1 1 2 2 1 2 1 5 1 3 3 3 1 1 5 1 4 1 5 3 2 4 4 1 3 1 1 3 4 2 1 5 5 4 3 2 2 3 1 3 2 3 2 4 5 4 4 5 4 3 2 1 3 3 3 5 3 3 4 1 2 4 2 1 3 1 2 4 3 3 3 1 2 5 4 4 3 4 3 1 3 2 3 5 4 2 1 3 2 5 5 3 3 4 3 5 4 1 1 4 5 3 4 2 2 5 2 1 3 1 4 1 2 1 5 2 3 1 1 1 5 1 3 4 1 5 1 4 5 1 2 5 3 3 3 2 2 1 4 4 1 2 1 3 3 1 1 2 3 2 2 2 4 1 5 4 5 5 2 1 2 1 2 2 5 1 3 1 1 3 1 2 5 2 1 4 2 1 5 1 2 3 2 5 3 3 5 4 5 2 1 3 4 5 4 3 2 3 5 3 1 5 1 5 1 3 3 4 3 4 4 2 3 2 3 5 2 3 5 1 1 2 5 4 3 4 3 5 1 2 4 3 1 4 2 4 1 1 4 5 4 3 1 1 1 1 2 2 5 3 4 5 5 4 5 4 4 2 3 4 3 1 2 5 4 5 3 1 1 2 1 1 1 3 2 3 5 5 2 4 3 5 3 4 5 2 2 3 5 5 4 2 2 2 2 3 3 1 3 3 4 5 4 4 5 2 4 4 3 5 5 5 1 2 5 1 1 4 5 5 5 5 4 1 1 2 3 4 2 3 3 1 4 3 1 3 1 4 4 4 3 3 5 1 1 5 1 3 3 2 5 2 2 3 2 4 4 2 2 2 4 2 2 4 1 5 2 2 3 2 5 3 1 4 3 1 5 5 1 2 1 5 3 4 2 2 3 2 5 1 3 5 2 2 3 3 1 1 1 5 2 5 2 2 5 1 5 5 5 5 3 3 4 1 1 2 4 3 3 3 4 2 4 2 3 1 1 3 2 1 3 3 2 1 2 2 2 1 3 3 5 5 5 5 2 3 1 2 5 5 1 5 1 4 4 1 5 4 3 1 2 2 5 3 5 1 1 3 3 3 5 2 5 2 3 1 4 5 3 5 4 5 2 5 4 5 5 3 5 4 3 1 3 2 1 4 5 1 1 2 1 2 1 2 5 3 2 5 3 1 5 3 1 1 
214
1 2 5 3 1 1 2 4 5 5 4 3 4 1 5 1 3 1 3 4 3 5 3 2 4 5 1 4 2 3 2 2 1 2 1 4 2 2 2 1 2 2 5 5 4 4 2 4 1 4 2 3 1 1 5 1 3 2 4 4 2 1 3 2 4 3 2 2 5 3 4 3 1 3 2 2 3 1 5 3 1 1 1 1 4 2 4 1 5 2 1 1 4 5 5 4 3 1 5 4 1 5 1 1 2 4 2 4 4 1 2 5 4 4 2 4 2 2 1 1 4 3 2 4 3 1 5 2 3 4 5 3 4 5 4 2 5 2 3 4 5 1 5 5 4 3 5 5 5 5 2 5 2 3 5 4 5 4 5 3 5 1 5 5 2 5 1 2 4 3 2 5 5 1 4 3 5 5 4 4 4 1 5 2 5 5 3 2 5 4 4 4 5 5 3 1 2 1 4 5 5 5 1 5 2 4 4 2 3 5 2 3 2 4 
114
1 5 1 4 4 5 2 5 1 4 4 1 5 4 5 1 1 1 1 2 3 1 5 4 5 4 2 4 2 5 2 3 4 5 1 5 1 5 4 1 5 2 3 1 3 4 1 3 5 3 4 2 5 5 2 1 1 3 4 2 3 2 1 3 3 2 2 3 3 5 3 4 4 1 4 1 4 1 3 5 3 3 1 4 4 2 4 4 2 4 1 1 2 1 3 5 4 5 2 3 1 2 1 4 4 4 4 4 4 3 4 3 2 4 
218
1 3 3 1 4 1 1 4 3 4 3 4 2 4 2 2 5 3 2 5 1 3 1 2 3 5 5 1 2 5 3 4 2 3 4 2 3 2 2 2 5 5 2 3 5 4 4 4 1 3 1 4 5 1 5 2 2 1 4 3 5 4 3 4 1 2 2 3 5 4 2 4 5 3 1 4 3 2 5 4 4 5 4 5 2 5 1 3 5 5 3 4 5 5 4 5 3 1 4 2 1 5 2 5 5 5 5 2 1 4 2 1 5 5 5 1 4 2 1 5 3 3 1 2 4 4 1 4 1 5 2 1 1 4 2 2 3 2 4 5 2 2 2 2 4 1 4 2 2 4 2 2 1 4 3 2 2 4 5 5 5 1 2 5 4 1 2 3 4 2 4 5 3 5 1 1 2 2 5 1 5 3 2 1 1 4 2 4 4 3 3 3 3 5 3 4 2 1 1 5 2 2 4 4 1 2 2 3 3 1 5 2 3 1 4 5 4 2 
138
3 4 1 5 2 2 4 2 3 4 2 2 5 5 2 1 3 5 2 2 2 2 1 1 1 1 4 5 4 3 4 3 3 4 5 1 2 3 2 1 4 4 4 3 5 1 5 2 5 1 3 4 4 3 4 1 3 4 2 4 3 1 1 1 1 5 1 3 5 3 5 3 3 4 2 2 1 2 4 5 4 1 5 3 1 5 5 3 4 2 1 3 2 4 3 2 3 4 1 4 3 1 1 5 1 3 3 1 4 1 2 2 4 2 1 4 1 1 3 1 4 1 4 5 4 1 3 3 1 1 2 5 1 2 4 3 1 4 
153
1 4 4 5 4 5 5 4 3 2 4 3 5 4 1 1 2 4 1 1 1 1 2 1 3 1 1 5 3 4 2 4 5 2 3 3 2 2 4 4 1 2 3 2 2 4 3 5 4 3 5 4 5 4 4 4 4 5 3 1 3 1 1 2 2 3 2 5 2 2 5 2 5 3 3 3 3 2 2 1 1 1 1 2 1 2 5 1 3 2 2 2 4 4 1 3 2 4 4 3 5 4 1 1 3 5 3 2 4 4 4 4 1 4 3 2 2 2 2 4 1 5 1 4 4 1 3 2 4 2 1 5 5 3 5 4 2 2 5 2 2 3 1 4 3 3 5 5 1 4 5 1 5 
215
5 5 2 2 1 5 5 1 4 1 3 5 4 2 3 5 3 4 4 5 5 2 4 1 3 5 4 2 5 1 4 1 5 5 5 3 5 4 5 5 2 5 2 5 1 4 5 5 5 5 2 4 1 5 4 5 1 5 2 3 5 2 5 1 1 4 3 5 5 3 2 3 4 3 2 1 3 3 5 4 3 1 2 5 3 3 2 5 2 5 2 3 1 2 3 1 2 3 3 3 2 4 5 5 3 4 5 2 1 1 1 5 2 4 2 1 1 3 5 4 2 2 3 2 5 3 2 1 2 4 1 3 4 5 2 3 3 3 2 1 3 2 5 1 2 1 1 5 5 3 5 1 1 3 2 5 2 1 2 3 1 2 5 2 2 3 1 1 5 2 1 4 3 3 5 2 5 2 1 5 1 5 5 1 4 4 2 5 1 4 2 1 2 3 4 5 5 5 1 1 1 3 5 1 5 1 2 5 4 4 4 5 3 5 5 
757
5 4 1 5 2 5 3 5 2 1 5 2 5 2 4 3 4 3 5 1 5 1 2 4 1 2 3 3 1 4 1 1 2 2 2 5 1 4 5 4 5 1 5 1 4 4 3 4 3 2 4 3 4 2 3 1 3 5 4 1 5 4 3 2 2 4 3 4 3 4 3 4 4 4 4 2 4 4 1 4 2 1 1 3 3 5 3 2 1 1 2 5 2 4 3 5 3 1 1 2 4 5 5 3 5 3 1 4 1 3 2 5 1 4 2 3 3 4 4 3 2 3 4 5 1 2 4 5 2 1 1 2 2 5 1 2 5 2 5 2 1 3 1 1 3 2 5 2 3 1 1 4 3 4 3 3 5 3 3 3 4 5 5 5 2 5 1 1 3 2 4 4 1 2 1 3 3 1 4 5 1 4 5 3 5 2 2 1 5 1 1 5 1 5 1 4 1 2 4 1 5 4 1 3 5 1 5 5 3 1 1 5 1 1 2 5 4 1 3 3 1 3 4 3 4 5 1 4 3 1 1 4 5 1 1 1 4 3 5 1 3 1 1 5 3 4 5 1 4 4 1 2 1 4 4 4 3 5 4 5 2 5 1 3 5 1 4 5 3 5 1 5 2 3 2 4 3 1 5 2 1 2 5 1 5 3 4 5 4 2 1 1 3 1 5 5 2 3 4 4 3 1 1 1 3 2 5 1 4 1 4 4 2 3 1 1 2 4 2 1 2 3 3 5 3 4 1 4 2 4 5 1 5 2 1 4 3 2 1 3 4 1 1 5 5 1 3 2 1 4 4 4 1 3 5 1 1 5 4 4 1 5 4 2 1 2 2 3 5 3 2 4 5 4 5 5 1 2 1 1 3 1 2 5 3 1 5 3 3 1 2 3 5 2 4 1 5 5 5 5 4 2 5 4 2 4 5 3 3 5 5 5 2 1 1 4 4 1 1 1 1 4 3 2 3 1 2 2 2 4 3 1 2 4 1 3 3 5 5 2 1 5 3 2 2 3 5 5 5 2 5 2 3 2 4 5 4 2 3 3 5 3 5 3 1 5 1 5 1 2 1 1 3 5 4 5 3 3 4 4 1 1 1 5 4 4 4 5 2 2 2 2 4 1 4 1 5 1 1 2 3 3 2 5 3 5 1 2 4 2 5 1 2 2 1 2 5 1 1 4 4 2 5 4 4 5 5 5 3 5 1 5 4 4 1 1 3 4 4 3 5 4 1 3 5 3 4 2 3 2 5 2 3 1 5 2 2 1 1 4 2 2 5 1 5 3 3 5 3 2 4 2 5 1 1 1 3 1 4 1 2 5 4 5 2 5 3 1 1 5 4 2 3 1 4 5 5 2 4 2 3 4 5 4 5 5 1 4 2 5 1 4 1 4 5 3 1 2 3 1 1 3 4 4 5 3 3 1 4 3 4 3 3 3 1 4 4 3 3 1 2 5 4 5 1 3 2 1 1 1 3 3 5 1 3 5 5 5 2 5 4 1 2 4 3 4 2 4 2 1 1 5 3 4 1 3 3 2 3 5 4 5 2 4 2 5 5 2 1 1 3 2 1 5 5 1 5 3 4 3 1 4 5 3 4 5 2 3 4 1 2 2 5 5 2 3 4 3 1 5 4 4 3 1 5 2 1 4 1 1 4 3 1 3 2 1 2 3 5 5 3 1 4 4 1 2 2 1 5 4 2 3 2 4 5 1 2 
316
2 5 3 2 2 1 4 4 1 2 3 1 2 1 3 2 1 5 3 4 1 2 3 4 1 1 3 1 4 1 3 5 5 5 3 4 5 1 2 3 2 1 5 5 1 2 1 4 2 1 2 4 4 4 2 5 5 1 5 3 2 2 4 3 3 1 1 5 3 4 4 1 5 3 1 2 4 3 5 2 5 4 2 4 2 4 3 3 1 4 2 4 2 2 2 1 4 4 5 3 5 3 4 4 2 4 2 1 3 4 4 3 2 1 1 5 4 3 5 1 3 1 5 4 5 3 4 3 1 1 1 5 5 1 5 2 4 4 2 1 2 2 3 5 2 3 4 2 2 3 3 1 1 2 4 5 1 5 4 1 5 1 3 4 1 4 5 1 4 3 2 2 5 1 1 1 1 2 5 4 4 2 5 1 5 5 5 5 4 1 2 3 3 1 2 4 5 3 1 5 1 4 2 2 5 2 4 2 5 3 5 4 4 1 4 5 1 1 1 4 3 3 4 5 3 2 5 4 4 1 4 1 4 5 2 5 3 3 1 3 5 3 3 1 5 3 5 5 3 1 1 2 5 4 2 2 5 1 3 3 1 1 1 2 2 2 1 1 1 4 5 1 3 2 3 2 2 2 2 1 4 2 3 5 2 4 4 1 1 1 5 4 3 5 5 4 4 2 1 4 5 3 4 2 1 1 4 2 5 2 3 5 5 2 5 1 
